DURATION;ID;LAMBDA;DUMMY;WAITED_FOR_BATCH;SENDER_ID;POST_TIME;ARRIVAL_TIME;OPT_MODE;OPT_FACTOR;BATCH_SIZE;NUMBER_SENDERS;NUMBER_MESSAGES;WARM UP SCOPE
0.06875;M037;9;0;0;1;2020-07-04 21:59:03.968276;21:59:04.037026;0;0.1;20;2;500;50
0.144417;M028;8;0;0;0;2020-07-04 21:59:04.406481;21:59:04.550898;0;0.1;20;2;500;50
0.413881;M056;8;0;0;0;2020-07-04 21:59:09.216393;21:59:09.630274;0;0.1;20;2;500;50
0.273308;M066;8;0;0;0;2020-07-04 21:59:10.445894;21:59:10.719202;0;0.1;20;2;500;50
0.529328;M132;9;0;0;1;2020-07-04 21:59:14.919592;21:59:15.448920;0;0.1;20;2;500;50
0.399771;M158;9;0;0;1;2020-07-04 21:59:17.392721;21:59:17.792492;0;0.1;20;2;500;50
0.412256;M173;9;0;0;1;2020-07-04 21:59:19.301204;21:59:19.713460;0;0.1;20;2;500;50
0.342962;M161;8;0;0;0;2020-07-04 21:59:23.115220;21:59:23.458182;0;0.1;20;2;500;50
0.402751;M171;8;0;0;0;2020-07-04 21:59:24.179802;21:59:24.582553;0;0.1;20;2;500;50
0.560869;M193;8;0;0;0;2020-07-04 21:59:26.680371;21:59:27.241240;0;0.1;20;2;500;50
0.691438;M250;9;0;0;1;2020-07-04 21:59:29.644619;21:59:30.336057;0;0.1;20;2;500;50
0.455115;M292;9;0;0;1;2020-07-04 21:59:34.644255;21:59:35.099370;0;0.1;20;2;500;50
0.498063;M248;8;0;0;0;2020-07-04 21:59:36.894224;21:59:37.392287;0;0.1;20;2;500;50
0.457916;M272;8;0;0;0;2020-07-04 21:59:39.552903;21:59:40.010819;0;0.1;20;2;500;50
0.349763;M365;8;0;0;0;2020-07-04 21:59:49.849988;21:59:50.199751;0;0.1;20;2;500;50
0.217876;M430;9;0;0;1;2020-07-04 21:59:51.622320;21:59:51.840196;0;0.1;20;2;500;50
0.250474;M405;8;0;0;0;2020-07-04 21:59:55.495061;21:59:55.745535;0;0.1;20;2;500;50
0.706916;M407;8;0;0;0;2020-07-04 21:59:55.651951;21:59:56.358867;0;0.1;20;2;500;50
0.314987;M482;9;0;0;1;2020-07-04 21:59:59.507416;21:59:59.822403;0;0.1;20;2;500;50
0.64284;M452;8;0;0;0;2020-07-04 22:00:04.000590;22:00:04.643430;0;0.1;20;2;500;50
0.080067;M458;8;0;0;0;2020-07-04 22:00:04.563363;22:00:04.643430;0;0.1;20;2;500;50
0.926839;M016;9;0;0;1;2020-07-04 21:59:00.988528;21:59:01.915367;0;0.1;20;2;500;50
0.588298;M001;8;0;0;0;2020-07-04 21:59:01.327069;21:59:01.915367;0;0.1;20;2;500;50
0.580366;M050;8;0;0;0;2020-07-04 21:59:08.456309;21:59:09.036675;0;0.1;20;2;500;50
0.185256;M058;8;0;0;0;2020-07-04 21:59:09.445018;21:59:09.630274;0;0.1;20;2;500;50
0.232262;M088;9;0;0;1;2020-07-04 21:59:09.952500;21:59:10.184762;0;0.1;20;2;500;50
0.143308;M062;8;0;0;0;2020-07-04 21:59:10.041454;21:59:10.184762;0;0.1;20;2;500;50
0.362554;M100;8;0;0;0;2020-07-04 21:59:15.086366;21:59:15.448920;0;0.1;20;2;500;50
0.122755;M111;8;0;0;0;2020-07-04 21:59:16.482054;21:59:16.604809;0;0.1;20;2;500;50
0.134542;M224;9;0;0;1;2020-07-04 21:59:26.284780;21:59:26.419322;0;0.1;20;2;500;50
0.556425;M247;9;0;0;1;2020-07-04 21:59:29.087407;21:59:29.643832;0;0.1;20;2;500;50
0.08855;M207;8;0;0;0;2020-07-04 21:59:30.246512;21:59:30.335062;0;0.1;20;2;500;50
0.346036;M277;9;0;0;1;2020-07-04 21:59:33.209288;21:59:33.555324;0;0.1;20;2;500;50
0.180639;M259;8;0;0;0;2020-07-04 21:59:38.342036;21:59:38.522675;0;0.1;20;2;500;50
0.431868;M273;8;0;0;0;2020-07-04 21:59:39.578951;21:59:40.010819;0;0.1;20;2;500;50
0.079168;M326;9;0;0;1;2020-07-04 21:59:39.931651;21:59:40.010819;0;0.1;20;2;500;50
0.279901;M359;9;0;0;1;2020-07-04 21:59:43.824115;21:59:44.104016;0;0.1;20;2;500;50
0.479175;M318;8;0;0;0;2020-07-04 21:59:44.708326;21:59:45.187501;0;0.1;20;2;500;50
0.34891;M373;9;0;0;1;2020-07-04 21:59:44.838591;21:59:45.187501;0;0.1;20;2;500;50
0.3373;M321;8;0;0;0;2020-07-04 21:59:44.850201;21:59:45.187501;0;0.1;20;2;500;50
0.202704;M402;9;0;0;1;2020-07-04 21:59:49.480266;21:59:49.682970;0;0.1;20;2;500;50
0.422743;M427;9;0;0;1;2020-07-04 21:59:51.417453;21:59:51.840196;0;0.1;20;2;500;50
0.485081;M403;8;0;0;0;2020-07-04 21:59:55.260454;21:59:55.745535;0;0.1;20;2;500;50
1.381629;M484;8;0;0;0;2020-07-04 22:00:08.455120;22:00:09.836749;0;0.1;20;2;500;50
0.458652;M072;9;0;0;1;2020-07-04 21:59:08.062867;21:59:08.521519;0;0.1;20;2;500;50
0.345746;M081;9;0;0;1;2020-07-04 21:59:08.690929;21:59:09.036675;0;0.1;20;2;500;50
0.086298;M121;9;0;0;1;2020-07-04 21:59:13.453687;21:59:13.539985;0;0.1;20;2;500;50
0.575802;M116;8;0;0;0;2020-07-04 21:59:17.216690;21:59:17.792492;0;0.1;20;2;500;50
0.298668;M124;8;0;0;0;2020-07-04 21:59:18.180701;21:59:18.479369;0;0.1;20;2;500;50
0.610623;M190;9;0;0;1;2020-07-04 21:59:21.496975;21:59:22.107598;0;0.1;20;2;500;50
0.215162;M162;8;0;0;0;2020-07-04 21:59:23.243020;21:59:23.458182;0;0.1;20;2;500;50
0.636807;M189;8;0;0;0;2020-07-04 21:59:25.782515;21:59:26.419322;0;0.1;20;2;500;50
0.763136;M228;9;0;0;1;2020-07-04 21:59:26.478104;21:59:27.241240;0;0.1;20;2;500;50
0.150086;M238;9;0;0;1;2020-07-04 21:59:27.962884;21:59:28.112970;0;0.1;20;2;500;50
0.617502;M251;9;0;0;1;2020-07-04 21:59:29.716295;21:59:30.333797;0;0.1;20;2;500;50
0.406252;M234;8;0;0;0;2020-07-04 21:59:34.023867;21:59:34.430119;0;0.1;20;2;500;50
0.211265;M301;9;0;0;1;2020-07-04 21:59:35.479965;21:59:35.691230;0;0.1;20;2;500;50
0.341919;M257;8;0;0;0;2020-07-04 21:59:38.180756;21:59:38.522675;0;0.1;20;2;500;50
0.419457;M290;8;0;0;0;2020-07-04 21:59:41.957993;21:59:42.377450;0;0.1;20;2;500;50
0.087402;M349;9;0;0;1;2020-07-04 21:59:42.290048;21:59:42.377450;0;0.1;20;2;500;50
0.261535;M297;8;0;0;0;2020-07-04 21:59:42.690091;21:59:42.951626;0;0.1;20;2;500;50
0.232183;M379;8;0;0;0;2020-07-04 21:59:51.608013;21:59:51.840196;0;0.1;20;2;500;50
0.194118;M416;8;0;0;0;2020-07-04 21:59:57.595964;21:59:57.790082;0;0.1;20;2;500;50
0.247833;M483;9;0;0;1;2020-07-04 21:59:59.574570;21:59:59.822403;0;0.1;20;2;500;50
0.177879;M432;8;0;0;0;2020-07-04 22:00:01.237607;22:00:01.415486;0;0.1;20;2;500;50
0.62849;M435;8;0;0;0;2020-07-04 22:00:01.510202;22:00:02.138692;0;0.1;20;2;500;50
0.188226;M437;8;0;0;0;2020-07-04 22:00:01.950466;22:00:02.138692;0;0.1;20;2;500;50
0.798783;M465;8;0;0;0;2020-07-04 22:00:06.381770;22:00:07.180553;0;0.1;20;2;500;50
0.784409;M041;9;0;0;1;2020-07-04 21:59:04.615552;21:59:05.399961;0;0.1;20;2;500;50
0.591265;M067;9;0;0;1;2020-07-04 21:59:07.508870;21:59:08.100135;0;0.1;20;2;500;50
0.455166;M096;8;0;0;0;2020-07-04 21:59:14.349997;21:59:14.805163;0;0.1;20;2;500;50
0.419881;M144;8;0;0;0;2020-07-04 21:59:21.139307;21:59:21.559188;0;0.1;20;2;500;50
0.328514;M156;8;0;0;0;2020-07-04 21:59:22.473209;21:59:22.801723;0;0.1;20;2;500;50
0.930583;M232;9;0;0;1;2020-07-04 21:59:27.182387;21:59:28.112970;0;0.1;20;2;500;50
0.856296;M244;9;0;0;1;2020-07-04 21:59:28.787536;21:59:29.643832;0;0.1;20;2;500;50
0.750752;M259;9;0;0;1;2020-07-04 21:59:30.819541;21:59:31.570293;0;0.1;20;2;500;50
0.522024;M241;8;0;0;0;2020-07-04 21:59:35.169206;21:59:35.691230;0;0.1;20;2;500;50
0.499401;M316;9;0;0;1;2020-07-04 21:59:39.036142;21:59:39.535543;0;0.1;20;2;500;50
0.123208;M353;9;0;0;1;2020-07-04 21:59:42.828418;21:59:42.951626;0;0.1;20;2;500;50
0.214145;M308;8;0;0;0;2020-07-04 21:59:43.889871;21:59:44.104016;0;0.1;20;2;500;50
0.270766;M333;8;0;0;0;2020-07-04 21:59:45.913356;21:59:46.184122;0;0.1;20;2;500;50
0.434754;M397;9;0;0;1;2020-07-04 21:59:49.248216;21:59:49.682970;0;0.1;20;2;500;50
0.501159;M377;8;0;0;0;2020-07-04 21:59:51.339037;21:59:51.840196;0;0.1;20;2;500;50
0.868234;M399;8;0;0;0;2020-07-04 21:59:54.877301;21:59:55.745535;0;0.1;20;2;500;50
1.114812;M460;8;0;0;0;2020-07-04 22:00:05.119108;22:00:06.233920;0;0.1;20;2;500;50
1.662838;M493;8;0;0;0;2020-07-04 22:00:09.780321;22:00:11.443159;0;0.1;20;2;500;50
0.503997;M003;8;0;0;0;2020-07-04 21:59:01.411370;21:59:01.915367;0;0.1;20;2;500;50
0.489777;M025;8;0;0;0;2020-07-04 21:59:04.061121;21:59:04.550898;0;0.1;20;2;500;50
0.288767;M074;9;0;0;1;2020-07-04 21:59:08.232752;21:59:08.521519;0;0.1;20;2;500;50
0.605814;M064;8;0;0;0;2020-07-04 21:59:10.113388;21:59:10.719202;0;0.1;20;2;500;50
0.628547;M108;9;0;0;1;2020-07-04 21:59:12.260200;21:59:12.888747;0;0.1;20;2;500;50
0.225639;M112;9;0;0;1;2020-07-04 21:59:12.663108;21:59:12.888747;0;0.1;20;2;500;50
0.201082;M129;9;0;0;1;2020-07-04 21:59:14.604081;21:59:14.805163;0;0.1;20;2;500;50
0.345753;M106;8;0;0;0;2020-07-04 21:59:16.259056;21:59:16.604809;0;0.1;20;2;500;50
0.321154;M108;8;0;0;0;2020-07-04 21:59:16.283655;21:59:16.604809;0;0.1;20;2;500;50
0.158807;M137;8;0;0;0;2020-07-04 21:59:19.554653;21:59:19.713460;0;0.1;20;2;500;50
0.496406;M203;9;0;0;1;2020-07-04 21:59:23.539400;21:59:24.035806;0;0.1;20;2;500;50
0.596636;M192;8;0;0;0;2020-07-04 21:59:26.644604;21:59:27.241240;0;0.1;20;2;500;50
0.312252;M198;8;0;0;0;2020-07-04 21:59:28.472414;21:59:28.784666;0;0.1;20;2;500;50
0.347952;M263;9;0;0;1;2020-07-04 21:59:31.222341;21:59:31.570293;0;0.1;20;2;500;50
0.17372;M330;9;0;0;1;2020-07-04 21:59:40.389150;21:59:40.562870;0;0.1;20;2;500;50
0.094564;M337;9;0;0;1;2020-07-04 21:59:41.098912;21:59:41.193476;0;0.1;20;2;500;50
0.209919;M347;9;0;0;1;2020-07-04 21:59:42.167531;21:59:42.377450;0;0.1;20;2;500;50
0.293992;M399;9;0;0;1;2020-07-04 21:59:49.388978;21:59:49.682970;0;0.1;20;2;500;50
0.584291;M392;8;0;0;0;2020-07-04 21:59:53.521819;21:59:54.106110;0;0.1;20;2;500;50
0.875841;M445;9;0;0;1;2020-07-04 21:59:54.058200;21:59:54.934041;0;0.1;20;2;500;50
0.478804;M475;9;0;0;1;2020-07-04 21:59:58.796850;21:59:59.275654;0;0.1;20;2;500;50
0.783491;M492;9;0;0;1;2020-07-04 22:00:00.635433;22:00:01.418924;0;0.1;20;2;500;50
0.651825;M499;9;0;0;1;2020-07-04 22:00:01.486867;22:00:02.138692;0;0.1;20;2;500;50
1.151425;M448;8;0;0;0;2020-07-04 22:00:03.492005;22:00:04.643430;0;0.1;20;2;500;50
0.448339;M137;9;0;0;1;2020-07-04 21:59:15.609720;21:59:16.058059;0;0.1;20;2;500;50
0.290698;M165;9;0;0;1;2020-07-04 21:59:18.188671;21:59:18.479369;0;0.1;20;2;500;50
0.486147;M132;8;0;0;0;2020-07-04 21:59:19.227313;21:59:19.713460;0;0.1;20;2;500;50
0.291023;M193;9;0;0;1;2020-07-04 21:59:21.816575;21:59:22.107598;0;0.1;20;2;500;50
0.754426;M249;9;0;0;1;2020-07-04 21:59:29.581631;21:59:30.336057;0;0.1;20;2;500;50
0.603899;M275;9;0;0;1;2020-07-04 21:59:32.951425;21:59:33.555324;0;0.1;20;2;500;50
0.46982;M224;8;0;0;0;2020-07-04 21:59:33.085504;21:59:33.555324;0;0.1;20;2;500;50
0.552755;M290;9;0;0;1;2020-07-04 21:59:34.546615;21:59:35.099370;0;0.1;20;2;500;50
0.323387;M317;9;0;0;1;2020-07-04 21:59:39.212156;21:59:39.535543;0;0.1;20;2;500;50
0.325756;M345;9;0;0;1;2020-07-04 21:59:42.051694;21:59:42.377450;0;0.1;20;2;500;50
0.510281;M296;8;0;0;0;2020-07-04 21:59:42.441345;21:59:42.951626;0;0.1;20;2;500;50
0.151447;M376;9;0;0;1;2020-07-04 21:59:45.563875;21:59:45.715322;0;0.1;20;2;500;50
0.081904;M381;9;0;0;1;2020-07-04 21:59:46.102218;21:59:46.184122;0;0.1;20;2;500;50
0.705526;M353;8;0;0;0;2020-07-04 21:59:48.562837;21:59:49.268363;0;0.1;20;2;500;50
0.764774;M457;9;0;0;1;2020-07-04 21:59:56.322025;21:59:57.086799;0;0.1;20;2;500;50
0.64203;M419;8;0;0;0;2020-07-04 21:59:58.633624;21:59:59.275654;0;0.1;20;2;500;50
0.189099;M457;8;0;0;0;2020-07-04 22:00:04.454331;22:00:04.643430;0;0.1;20;2;500;50
0.981829;M489;8;0;0;0;2020-07-04 22:00:08.854920;22:00:09.836749;0;0.1;20;2;500;50
0.79105;M499;8;0;0;0;2020-07-04 22:00:10.652109;22:00:11.443159;0;0.1;20;2;500;50
0.536919;M031;9;0;0;1;2020-07-04 21:59:03.500107;21:59:04.037026;0;0.1;20;2;500;50
0.393818;M021;8;0;0;0;2020-07-04 21:59:03.645206;21:59:04.039024;0;0.1;20;2;500;50
0.214336;M043;8;0;0;0;2020-07-04 21:59:07.885799;21:59:08.100135;0;0.1;20;2;500;50
0.247902;M083;9;0;0;1;2020-07-04 21:59:08.788773;21:59:09.036675;0;0.1;20;2;500;50
0.126203;M089;9;0;0;1;2020-07-04 21:59:10.058559;21:59:10.184762;0;0.1;20;2;500;50
0.590092;M078;8;0;0;0;2020-07-04 21:59:11.666619;21:59:12.256711;0;0.1;20;2;500;50
0.645688;M112;8;0;0;0;2020-07-04 21:59:16.630835;21:59:17.276523;0;0.1;20;2;500;50
0.126317;M131;8;0;0;0;2020-07-04 21:59:19.118496;21:59:19.244813;0;0.1;20;2;500;50
0.135937;M186;8;0;0;0;2020-07-04 21:59:25.595627;21:59:25.731564;0;0.1;20;2;500;50
0.456485;M231;9;0;0;1;2020-07-04 21:59:26.784755;21:59:27.241240;0;0.1;20;2;500;50
0.286489;M210;8;0;0;0;2020-07-04 21:59:30.607575;21:59:30.894064;0;0.1;20;2;500;50
0.304985;M264;9;0;0;1;2020-07-04 21:59:31.265308;21:59:31.570293;0;0.1;20;2;500;50
0.286495;M216;8;0;0;0;2020-07-04 21:59:31.848938;21:59:32.135433;0;0.1;20;2;500;50
0.1276;M236;8;0;0;0;2020-07-04 21:59:34.302519;21:59:34.430119;0;0.1;20;2;500;50
0.660425;M240;8;0;0;0;2020-07-04 21:59:35.030805;21:59:35.691230;0;0.1;20;2;500;50
0.103263;M311;9;0;0;1;2020-07-04 21:59:38.419412;21:59:38.522675;0;0.1;20;2;500;50
0.316962;M313;9;0;0;1;2020-07-04 21:59:38.749937;21:59:39.066899;0;0.1;20;2;500;50
0.565393;M280;8;0;0;0;2020-07-04 21:59:40.628083;21:59:41.193476;0;0.1;20;2;500;50
0.550753;M386;9;0;0;1;2020-07-04 21:59:46.986231;21:59:47.536984;0;0.1;20;2;500;50
0.194818;M437;9;0;0;1;2020-07-04 21:59:52.241041;21:59:52.435859;0;0.1;20;2;500;50
0.503646;M408;8;0;0;0;2020-07-04 21:59:55.855221;21:59:56.358867;0;0.1;20;2;500;50
0.987448;M462;8;0;0;0;2020-07-04 22:00:05.246472;22:00:06.233920;0;0.1;20;2;500;50
0.159031;M464;8;0;0;0;2020-07-04 22:00:06.074889;22:00:06.233920;0;0.1;20;2;500;50
0.091101;M472;8;0;0;0;2020-07-04 22:00:07.089452;22:00:07.180553;0;0.1;20;2;500;50
0.803949;M477;8;0;0;0;2020-07-04 22:00:07.688730;22:00:08.492679;0;0.1;20;2;500;50
0.4738;M010;9;0;0;1;2020-07-04 21:59:00.520109;21:59:00.993909;0;0.1;20;2;500;50
0.211274;M014;9;0;0;1;2020-07-04 21:59:00.782635;21:59:00.993909;0;0.1;20;2;500;50
0.20309;M015;9;0;0;1;2020-07-04 21:59:00.790819;21:59:00.993909;0;0.1;20;2;500;50
0.239412;M044;9;0;0;1;2020-07-04 21:59:05.160549;21:59:05.399961;0;0.1;20;2;500;50
0.253606;M039;8;0;0;0;2020-07-04 21:59:07.185000;21:59:07.438606;0;0.1;20;2;500;50
0.265243;M139;9;0;0;1;2020-07-04 21:59:15.792816;21:59:16.058059;0;0.1;20;2;500;50
0.211787;M205;9;0;0;1;2020-07-04 21:59:23.824019;21:59:24.035806;0;0.1;20;2;500;50
0.594939;M208;9;0;0;1;2020-07-04 21:59:23.987614;21:59:24.582553;0;0.1;20;2;500;50
0.209992;M173;8;0;0;0;2020-07-04 21:59:24.372561;21:59:24.582553;0;0.1;20;2;500;50
0.189693;M252;9;0;0;1;2020-07-04 21:59:30.145369;21:59:30.335062;0;0.1;20;2;500;50
0.621771;M295;9;0;0;1;2020-07-04 21:59:35.069459;21:59:35.691230;0;0.1;20;2;500;50
0.087919;M251;8;0;0;0;2020-07-04 21:59:37.304368;21:59:37.392287;0;0.1;20;2;500;50
0.091286;M315;9;0;0;1;2020-07-04 21:59:38.975613;21:59:39.066899;0;0.1;20;2;500;50
0.089394;M289;8;0;0;0;2020-07-04 21:59:41.850767;21:59:41.940161;0;0.1;20;2;500;50
0.29577;M292;8;0;0;0;2020-07-04 21:59:42.081680;21:59:42.377450;0;0.1;20;2;500;50
0.367145;M367;9;0;0;1;2020-07-04 21:59:44.211002;21:59:44.578147;0;0.1;20;2;500;50
0.460107;M358;8;0;0;0;2020-07-04 21:59:49.222863;21:59:49.682970;0;0.1;20;2;500;50
0.177636;M411;8;0;0;0;2020-07-04 21:59:56.181231;21:59:56.358867;0;0.1;20;2;500;50
0.693384;M493;9;0;0;1;2020-07-04 22:00:00.725540;22:00:01.418924;0;0.1;20;2;500;50
1.069149;M461;8;0;0;0;2020-07-04 22:00:05.164771;22:00:06.233920;0;0.1;20;2;500;50
0.489827;M003;9;0;0;1;2020-07-04 21:58:59.932802;21:59:00.422629;0;0.1;20;2;500;50
0.14809;M092;9;0;0;1;2020-07-04 21:59:10.571112;21:59:10.719202;0;0.1;20;2;500;50
0.340176;M134;9;0;0;1;2020-07-04 21:59:15.108744;21:59:15.448920;0;0.1;20;2;500;50
0.372007;M159;9;0;0;1;2020-07-04 21:59:17.420485;21:59:17.792492;0;0.1;20;2;500;50
0.531488;M172;9;0;0;1;2020-07-04 21:59:19.181972;21:59:19.713460;0;0.1;20;2;500;50
0.175912;M200;9;0;0;1;2020-07-04 21:59:23.282270;21:59:23.458182;0;0.1;20;2;500;50
0.209635;M167;8;0;0;0;2020-07-04 21:59:23.826171;21:59:24.035806;0;0.1;20;2;500;50
0.356631;M222;9;0;0;1;2020-07-04 21:59:26.062691;21:59:26.419322;0;0.1;20;2;500;50
0.482933;M271;9;0;0;1;2020-07-04 21:59:32.277352;21:59:32.760285;0;0.1;20;2;500;50
0.175962;M220;8;0;0;0;2020-07-04 21:59:32.584323;21:59:32.760285;0;0.1;20;2;500;50
0.552037;M277;8;0;0;0;2020-07-04 21:59:40.010833;21:59:40.562870;0;0.1;20;2;500;50
0.112606;M331;9;0;0;1;2020-07-04 21:59:40.450264;21:59:40.562870;0;0.1;20;2;500;50
0.215598;M343;9;0;0;1;2020-07-04 21:59:41.724563;21:59:41.940161;0;0.1;20;2;500;50
0.21511;M360;9;0;0;1;2020-07-04 21:59:43.888906;21:59:44.104016;0;0.1;20;2;500;50
0.303118;M369;9;0;0;1;2020-07-04 21:59:44.275029;21:59:44.578147;0;0.1;20;2;500;50
0.277126;M370;9;0;0;1;2020-07-04 21:59:44.301021;21:59:44.578147;0;0.1;20;2;500;50
0.41054;M345;8;0;0;0;2020-07-04 21:59:47.126444;21:59:47.536984;0;0.1;20;2;500;50
0.557708;M406;9;0;0;1;2020-07-04 21:59:49.643148;21:59:50.200856;0;0.1;20;2;500;50
0.18447;M423;9;0;0;1;2020-07-04 21:59:51.221208;21:59:51.405678;0;0.1;20;2;500;50
0.482437;M385;8;0;0;0;2020-07-04 21:59:51.953422;21:59:52.435859;0;0.1;20;2;500;50
0.644259;M396;8;0;0;0;2020-07-04 21:59:54.289782;21:59:54.934041;0;0.1;20;2;500;50
0.744687;M442;8;0;0;0;2020-07-04 22:00:02.797001;22:00:03.541688;0;0.1;20;2;500;50
0.218086;M456;8;0;0;0;2020-07-04 22:00:04.425344;22:00:04.643430;0;0.1;20;2;500;50
0.41141;M011;9;0;0;1;2020-07-04 21:59:00.582499;21:59:00.993909;0;0.1;20;2;500;50
0.643495;M000;8;0;0;0;2020-07-04 21:59:01.271872;21:59:01.915367;0;0.1;20;2;500;50
0.505534;M010;8;0;0;0;2020-07-04 21:59:02.189410;21:59:02.694944;0;0.1;20;2;500;50
0.102336;M029;8;0;0;0;2020-07-04 21:59:04.448562;21:59:04.550898;0;0.1;20;2;500;50
0.089743;M086;9;0;0;1;2020-07-04 21:59:09.540531;21:59:09.630274;0;0.1;20;2;500;50
0.432926;M083;8;0;0;0;2020-07-04 21:59:11.823785;21:59:12.256711;0;0.1;20;2;500;50
0.289118;M097;8;0;0;0;2020-07-04 21:59:14.516045;21:59:14.805163;0;0.1;20;2;500;50
0.13428;M141;9;0;0;1;2020-07-04 21:59:15.923779;21:59:16.058059;0;0.1;20;2;500;50
0.181181;M120;8;0;0;0;2020-07-04 21:59:17.611311;21:59:17.792492;0;0.1;20;2;500;50
0.736561;M162;9;0;0;1;2020-07-04 21:59:17.742808;21:59:18.479369;0;0.1;20;2;500;50
0.225699;M130;8;0;0;0;2020-07-04 21:59:19.019114;21:59:19.244813;0;0.1;20;2;500;50
0.621093;M139;8;0;0;0;2020-07-04 21:59:19.828742;21:59:20.449835;0;0.1;20;2;500;50
0.101375;M217;9;0;0;1;2020-07-04 21:59:25.630189;21:59:25.731564;0;0.1;20;2;500;50
0.107144;M287;9;0;0;1;2020-07-04 21:59:34.322975;21:59:34.430119;0;0.1;20;2;500;50
0.218293;M284;8;0;0;0;2020-07-04 21:59:40.975183;21:59:41.193476;0;0.1;20;2;500;50
0.630392;M397;8;0;0;0;2020-07-04 21:59:54.303649;21:59:54.934041;0;0.1;20;2;500;50
0.110053;M482;8;0;0;0;2020-07-04 22:00:08.382626;22:00:08.492679;0;0.1;20;2;500;50
0.130861;M006;9;0;0;1;2020-07-04 21:59:00.291768;21:59:00.422629;0;0.1;20;2;500;50
0.64213;M017;9;0;0;1;2020-07-04 21:59:01.273237;21:59:01.915367;0;0.1;20;2;500;50
0.409113;M048;9;0;0;1;2020-07-04 21:59:05.737725;21:59:06.146838;0;0.1;20;2;500;50
0.47222;M063;9;0;0;1;2020-07-04 21:59:06.966386;21:59:07.438606;0;0.1;20;2;500;50
0.374325;M147;9;0;0;1;2020-07-04 21:59:16.230484;21:59:16.604809;0;0.1;20;2;500;50
0.11007;M161;9;0;0;1;2020-07-04 21:59:17.682422;21:59:17.792492;0;0.1;20;2;500;50
0.662949;M246;9;0;0;1;2020-07-04 21:59:28.980883;21:59:29.643832;0;0.1;20;2;500;50
0.250922;M256;9;0;0;1;2020-07-04 21:59:30.643142;21:59:30.894064;0;0.1;20;2;500;50
0.501534;M425;9;0;0;1;2020-07-04 21:59:51.338662;21:59:51.840196;0;0.1;20;2;500;50
0.243157;M421;8;0;0;0;2020-07-04 21:59:59.032497;21:59:59.275654;0;0.1;20;2;500;50
0.708396;M430;8;0;0;0;2020-07-04 22:00:00.705662;22:00:01.414058;0;0.1;20;2;500;50
0.086726;M434;8;0;0;0;2020-07-04 22:00:01.331057;22:00:01.417783;0;0.1;20;2;500;50
0.361694;M463;8;0;0;0;2020-07-04 22:00:05.872226;22:00:06.233920;0;0.1;20;2;500;50
0.809569;M007;8;0;0;0;2020-07-04 21:59:01.884377;21:59:02.693946;0;0.1;20;2;500;50
0.584774;M014;8;0;0;0;2020-07-04 21:59:02.803424;21:59:03.388198;0;0.1;20;2;500;50
0.293341;M027;9;0;0;1;2020-07-04 21:59:03.094857;21:59:03.388198;0;0.1;20;2;500;50
0.255043;M039;9;0;0;1;2020-07-04 21:59:04.295855;21:59:04.550898;0;0.1;20;2;500;50
0.432851;M033;8;0;0;0;2020-07-04 21:59:05.713987;21:59:06.146838;0;0.1;20;2;500;50
0.080596;M079;9;0;0;1;2020-07-04 21:59:08.440923;21:59:08.521519;0;0.1;20;2;500;50
0.279451;M051;8;0;0;0;2020-07-04 21:59:08.757224;21:59:09.036675;0;0.1;20;2;500;50
0.255227;M111;9;0;0;1;2020-07-04 21:59:12.633520;21:59:12.888747;0;0.1;20;2;500;50
0.271355;M138;9;0;0;1;2020-07-04 21:59:15.786704;21:59:16.058059;0;0.1;20;2;500;50
0.750487;M149;9;0;0;1;2020-07-04 21:59:16.526036;21:59:17.276523;0;0.1;20;2;500;50
0.387442;M164;9;0;0;1;2020-07-04 21:59:18.091927;21:59:18.479369;0;0.1;20;2;500;50
0.24099;M189;9;0;0;1;2020-07-04 21:59:21.318198;21:59:21.559188;0;0.1;20;2;500;50
0.107216;M150;8;0;0;0;2020-07-04 21:59:22.000382;21:59:22.107598;0;0.1;20;2;500;50
0.645719;M152;8;0;0;0;2020-07-04 21:59:22.156004;21:59:22.801723;0;0.1;20;2;500;50
0.304252;M204;9;0;0;1;2020-07-04 21:59:23.731554;21:59:24.035806;0;0.1;20;2;500;50
0.472957;M212;9;0;0;1;2020-07-04 21:59:24.765693;21:59:25.238650;0;0.1;20;2;500;50
0.711654;M218;9;0;0;1;2020-07-04 21:59:25.707668;21:59:26.419322;0;0.1;20;2;500;50
0.455701;M298;9;0;0;1;2020-07-04 21:59:35.235529;21:59:35.691230;0;0.1;20;2;500;50
0.201058;M327;8;0;0;0;2020-07-04 21:59:45.514264;21:59:45.715322;0;0.1;20;2;500;50
0.21147;M346;8;0;0;0;2020-07-04 21:59:47.325514;21:59:47.536984;0;0.1;20;2;500;50
0.321797;M389;9;0;0;1;2020-07-04 21:59:47.840045;21:59:48.161842;0;0.1;20;2;500;50
0.642483;M443;9;0;0;1;2020-07-04 21:59:53.463627;21:59:54.106110;0;0.1;20;2;500;50
0.284646;M420;8;0;0;0;2020-07-04 21:59:58.991008;21:59:59.275654;0;0.1;20;2;500;50
0.431535;M443;8;0;0;0;2020-07-04 22:00:03.110153;22:00:03.541688;0;0.1;20;2;500;50
0.157535;M006;8;0;0;0;2020-07-04 21:59:01.757832;21:59:01.915367;0;0.1;20;2;500;50
0.399251;M022;9;0;0;1;2020-07-04 21:59:02.294695;21:59:02.693946;0;0.1;20;2;500;50
0.418582;M026;8;0;0;0;2020-07-04 21:59:04.132316;21:59:04.550898;0;0.1;20;2;500;50
0.317214;M049;9;0;0;1;2020-07-04 21:59:05.829624;21:59:06.146838;0;0.1;20;2;500;50
0.302157;M069;9;0;0;1;2020-07-04 21:59:07.797978;21:59:08.100135;0;0.1;20;2;500;50
0.677064;M107;9;0;0;1;2020-07-04 21:59:12.211683;21:59:12.888747;0;0.1;20;2;500;50
0.180385;M113;9;0;0;1;2020-07-04 21:59:12.708362;21:59:12.888747;0;0.1;20;2;500;50
0.600246;M196;9;0;0;1;2020-07-04 21:59:22.201477;21:59:22.801723;0;0.1;20;2;500;50
0.789405;M201;8;0;0;0;2020-07-04 21:59:28.854427;21:59:29.643832;0;0.1;20;2;500;50
0.507811;M283;9;0;0;1;2020-07-04 21:59:33.922308;21:59:34.430119;0;0.1;20;2;500;50
0.479756;M252;8;0;0;0;2020-07-04 21:59:37.558657;21:59:38.038413;0;0.1;20;2;500;50
0.311268;M309;9;0;0;1;2020-07-04 21:59:38.211407;21:59:38.522675;0;0.1;20;2;500;50
0.3217;M312;9;0;0;1;2020-07-04 21:59:38.745199;21:59:39.066899;0;0.1;20;2;500;50
0.582376;M343;8;0;0;0;2020-07-04 21:59:46.954608;21:59:47.536984;0;0.1;20;2;500;50
0.483062;M434;9;0;0;1;2020-07-04 21:59:51.952797;21:59:52.435859;0;0.1;20;2;500;50
0.138777;M056;9;0;0;1;2020-07-04 21:59:06.728523;21:59:06.867300;0;0.1;20;2;500;50
0.558339;M079;8;0;0;0;2020-07-04 21:59:11.698372;21:59:12.256711;0;0.1;20;2;500;50
0.522027;M191;9;0;0;1;2020-07-04 21:59:21.585571;21:59:22.107598;0;0.1;20;2;500;50
0.700047;M211;9;0;0;1;2020-07-04 21:59:24.538603;21:59:25.238650;0;0.1;20;2;500;50
0.826209;M227;9;0;0;1;2020-07-04 21:59:26.415031;21:59:27.241240;0;0.1;20;2;500;50
0.589055;M213;8;0;0;0;2020-07-04 21:59:30.981238;21:59:31.570293;0;0.1;20;2;500;50
0.215337;M243;8;0;0;0;2020-07-04 21:59:35.475893;21:59:35.691230;0;0.1;20;2;500;50
0.221907;M310;9;0;0;1;2020-07-04 21:59:38.300768;21:59:38.522675;0;0.1;20;2;500;50
0.433011;M267;8;0;0;0;2020-07-04 21:59:39.102532;21:59:39.535543;0;0.1;20;2;500;50
0.589938;M295;8;0;0;0;2020-07-04 21:59:42.361688;21:59:42.951626;0;0.1;20;2;500;50
0.088591;M329;8;0;0;0;2020-07-04 21:59:45.626731;21:59:45.715322;0;0.1;20;2;500;50
0.095245;M409;9;0;0;1;2020-07-04 21:59:50.103396;21:59:50.198641;0;0.1;20;2;500;50
0.194169;M431;9;0;0;1;2020-07-04 21:59:51.646027;21:59:51.840196;0;0.1;20;2;500;50
0.449158;M404;8;0;0;0;2020-07-04 21:59:55.296377;21:59:55.745535;0;0.1;20;2;500;50
0.768132;M414;8;0;0;0;2020-07-04 21:59:56.318667;21:59:57.086799;0;0.1;20;2;500;50
0.590343;M019;9;0;0;1;2020-07-04 21:59:02.103603;21:59:02.693946;0;0.1;20;2;500;50
0.611784;M060;9;0;0;1;2020-07-04 21:59:06.826822;21:59:07.438606;0;0.1;20;2;500;50
0.733263;M066;9;0;0;1;2020-07-04 21:59:07.366872;21:59:08.100135;0;0.1;20;2;500;50
0.220676;M072;8;0;0;0;2020-07-04 21:59:11.076240;21:59:11.296916;0;0.1;20;2;500;50
0.423911;M089;8;0;0;0;2020-07-04 21:59:13.113095;21:59:13.537006;0;0.1;20;2;500;50
0.099107;M091;8;0;0;0;2020-07-04 21:59:14.022275;21:59:14.121382;0;0.1;20;2;500;50
0.269513;M135;8;0;0;0;2020-07-04 21:59:19.443947;21:59:19.713460;0;0.1;20;2;500;50
0.544502;M154;8;0;0;0;2020-07-04 21:59:22.257221;21:59:22.801723;0;0.1;20;2;500;50
0.289883;M157;8;0;0;0;2020-07-04 21:59:22.511840;21:59:22.801723;0;0.1;20;2;500;50
0.661164;M199;9;0;0;1;2020-07-04 21:59:22.797018;21:59:23.458182;0;0.1;20;2;500;50
0.249537;M241;9;0;0;1;2020-07-04 21:59:28.535129;21:59:28.784666;0;0.1;20;2;500;50
0.150976;M230;8;0;0;0;2020-07-04 21:59:33.825861;21:59:33.976837;0;0.1;20;2;500;50
0.426806;M238;8;0;0;0;2020-07-04 21:59:34.672564;21:59:35.099370;0;0.1;20;2;500;50
0.45478;M308;9;0;0;1;2020-07-04 21:59:38.067895;21:59:38.522675;0;0.1;20;2;500;50
0.564352;M276;8;0;0;0;2020-07-04 21:59:39.998518;21:59:40.562870;0;0.1;20;2;500;50
0.419605;M283;8;0;0;0;2020-07-04 21:59:40.773871;21:59:41.193476;0;0.1;20;2;500;50
0.139952;M348;9;0;0;1;2020-07-04 21:59:42.237498;21:59:42.377450;0;0.1;20;2;500;50
0.175208;M314;8;0;0;0;2020-07-04 21:59:44.402939;21:59:44.578147;0;0.1;20;2;500;50
0.373131;M372;9;0;0;1;2020-07-04 21:59:44.814370;21:59:45.187501;0;0.1;20;2;500;50
0.335909;M379;9;0;0;1;2020-07-04 21:59:45.848213;21:59:46.184122;0;0.1;20;2;500;50
0.25549;M416;9;0;0;1;2020-07-04 21:59:50.533271;21:59:50.788761;0;0.1;20;2;500;50
0.444192;M426;9;0;0;1;2020-07-04 21:59:51.396004;21:59:51.840196;0;0.1;20;2;500;50
0.295345;M489;9;0;0;1;2020-07-04 22:00:00.321794;22:00:00.617139;0;0.1;20;2;500;50
0.554926;M468;8;0;0;0;2020-07-04 22:00:06.625627;22:00:07.180553;0;0.1;20;2;500;50
1.361093;M485;8;0;0;0;2020-07-04 22:00:08.475656;22:00:09.836749;0;0.1;20;2;500;50
0.452481;M031;8;0;0;0;2020-07-04 21:59:04.947480;21:59:05.399961;0;0.1;20;2;500;50
0.493247;M034;8;0;0;0;2020-07-04 21:59:06.374053;21:59:06.867300;0;0.1;20;2;500;50
0.152055;M102;9;0;0;1;2020-07-04 21:59:11.587605;21:59:11.739660;0;0.1;20;2;500;50
0.080219;M092;8;0;0;0;2020-07-04 21:59:14.041163;21:59:14.121382;0;0.1;20;2;500;50
0.44443;M099;8;0;0;0;2020-07-04 21:59:15.004490;21:59:15.448920;0;0.1;20;2;500;50
0.087567;M101;8;0;0;0;2020-07-04 21:59:15.361353;21:59:15.448920;0;0.1;20;2;500;50
0.465773;M164;8;0;0;0;2020-07-04 21:59:23.570033;21:59:24.035806;0;0.1;20;2;500;50
0.49361;M180;8;0;0;0;2020-07-04 21:59:24.745040;21:59:25.238650;0;0.1;20;2;500;50
0.130139;M216;9;0;0;1;2020-07-04 21:59:25.601425;21:59:25.731564;0;0.1;20;2;500;50
0.112105;M191;8;0;0;0;2020-07-04 21:59:26.307217;21:59:26.419322;0;0.1;20;2;500;50
0.518989;M246;8;0;0;0;2020-07-04 21:59:36.038492;21:59:36.557481;0;0.1;20;2;500;50
0.285414;M318;9;0;0;1;2020-07-04 21:59:39.250129;21:59:39.535543;0;0.1;20;2;500;50
0.267983;M356;9;0;0;1;2020-07-04 21:59:43.261613;21:59:43.529596;0;0.1;20;2;500;50
0.201622;M393;9;0;0;1;2020-07-04 21:59:48.427392;21:59:48.629014;0;0.1;20;2;500;50
0.541179;M419;9;0;0;1;2020-07-04 21:59:50.864499;21:59:51.405678;0;0.1;20;2;500;50
0.14627;M382;8;0;0;0;2020-07-04 21:59:51.693926;21:59:51.840196;0;0.1;20;2;500;50
0.401403;M440;9;0;0;1;2020-07-04 21:59:52.767437;21:59:53.168840;0;0.1;20;2;500;50
0.408333;M410;8;0;0;0;2020-07-04 21:59:55.950534;21:59:56.358867;0;0.1;20;2;500;50
0.492964;M465;9;0;0;1;2020-07-04 21:59:57.297118;21:59:57.790082;0;0.1;20;2;500;50
0.509075;M422;8;0;0;0;2020-07-04 21:59:59.313328;21:59:59.822403;0;0.1;20;2;500;50
1.624902;M494;8;0;0;0;2020-07-04 22:00:09.817359;22:00:11.442261;0;0.1;20;2;500;50
0.580563;M030;9;0;0;1;2020-07-04 21:59:03.456463;21:59:04.037026;0;0.1;20;2;500;50
0.12275;M070;9;0;0;1;2020-07-04 21:59:07.977385;21:59:08.100135;0;0.1;20;2;500;50
0.486844;M071;9;0;0;1;2020-07-04 21:59:08.034675;21:59:08.521519;0;0.1;20;2;500;50
0.352539;M170;9;0;0;1;2020-07-04 21:59:18.892274;21:59:19.244813;0;0.1;20;2;500;50
0.460935;M184;9;0;0;1;2020-07-04 21:59:20.691820;21:59:21.152755;0;0.1;20;2;500;50
0.089371;M175;8;0;0;0;2020-07-04 21:59:24.493182;21:59:24.582553;0;0.1;20;2;500;50
0.323812;M209;8;0;0;0;2020-07-04 21:59:30.570252;21:59:30.894064;0;0.1;20;2;500;50
0.088506;M245;8;0;0;0;2020-07-04 21:59:35.602724;21:59:35.691230;0;0.1;20;2;500;50
0.437209;M327;9;0;0;1;2020-07-04 21:59:40.125661;21:59:40.562870;0;0.1;20;2;500;50
0.57879;M334;9;0;0;1;2020-07-04 21:59:40.614686;21:59:41.193476;0;0.1;20;2;500;50
0.577288;M324;8;0;0;0;2020-07-04 21:59:45.138034;21:59:45.715322;0;0.1;20;2;500;50
0.54871;M344;8;0;0;0;2020-07-04 21:59:46.988274;21:59:47.536984;0;0.1;20;2;500;50
0.341554;M388;9;0;0;1;2020-07-04 21:59:47.820288;21:59:48.161842;0;0.1;20;2;500;50
0.443626;M350;8;0;0;0;2020-07-04 21:59:48.185388;21:59:48.629014;0;0.1;20;2;500;50
0.380837;M351;8;0;0;0;2020-07-04 21:59:48.248177;21:59:48.629014;0;0.1;20;2;500;50
0.242554;M362;8;0;0;0;2020-07-04 21:59:49.440416;21:59:49.682970;0;0.1;20;2;500;50
0.255039;M441;9;0;0;1;2020-07-04 21:59:52.913801;21:59:53.168840;0;0.1;20;2;500;50
0.563801;M453;9;0;0;1;2020-07-04 21:59:55.795066;21:59:56.358867;0;0.1;20;2;500;50
0.367123;M481;9;0;0;1;2020-07-04 21:59:59.455280;21:59:59.822403;0;0.1;20;2;500;50
0.424849;M431;8;0;0;0;2020-07-04 22:00:00.991791;22:00:01.416640;0;0.1;20;2;500;50
0.277382;M495;9;0;0;1;2020-07-04 22:00:01.141542;22:00:01.418924;0;0.1;20;2;500;50
0.704588;M450;8;0;0;0;2020-07-04 22:00:03.938842;22:00:04.643430;0;0.1;20;2;500;50
0.657567;M013;8;0;0;0;2020-07-04 21:59:02.730631;21:59:03.388198;0;0.1;20;2;500;50
0.138195;M155;9;0;0;1;2020-07-04 21:59:17.138328;21:59:17.276523;0;0.1;20;2;500;50
0.516663;M117;8;0;0;0;2020-07-04 21:59:17.275829;21:59:17.792492;0;0.1;20;2;500;50
0.171831;M166;9;0;0;1;2020-07-04 21:59:18.307538;21:59:18.479369;0;0.1;20;2;500;50
0.513094;M179;8;0;0;0;2020-07-04 21:59:24.725556;21:59:25.238650;0;0.1;20;2;500;50
0.082044;M243;9;0;0;1;2020-07-04 21:59:28.702622;21:59:28.784666;0;0.1;20;2;500;50
0.174452;M235;8;0;0;0;2020-07-04 21:59:34.255667;21:59:34.430119;0;0.1;20;2;500;50
0.158711;M310;8;0;0;0;2020-07-04 21:59:43.945305;21:59:44.104016;0;0.1;20;2;500;50
0.410839;M377;9;0;0;1;2020-07-04 21:59:45.773283;21:59:46.184122;0;0.1;20;2;500;50
0.088989;M364;8;0;0;0;2020-07-04 21:59:49.593981;21:59:49.682970;0;0.1;20;2;500;50
0.578982;M405;9;0;0;1;2020-07-04 21:59:49.621874;21:59:50.200856;0;0.1;20;2;500;50
0.199325;M408;9;0;0;1;2020-07-04 21:59:50.000426;21:59:50.199751;0;0.1;20;2;500;50
0.199445;M380;8;0;0;0;2020-07-04 21:59:51.640751;21:59:51.840196;0;0.1;20;2;500;50
0.541755;M384;8;0;0;0;2020-07-04 21:59:51.894104;21:59:52.435859;0;0.1;20;2;500;50
0.449606;M478;8;0;0;0;2020-07-04 22:00:08.043073;22:00:08.492679;0;0.1;20;2;500;50
1.105756;M488;8;0;0;0;2020-07-04 22:00:08.730993;22:00:09.836749;0;0.1;20;2;500;50
0.184984;M048;8;0;0;0;2020-07-04 21:59:08.336535;21:59:08.521519;0;0.1;20;2;500;50
0.206881;M086;8;0;0;0;2020-07-04 21:59:12.681866;21:59:12.888747;0;0.1;20;2;500;50
0.115127;M142;9;0;0;1;2020-07-04 21:59:15.942932;21:59:16.058059;0;0.1;20;2;500;50
0.332367;M107;8;0;0;0;2020-07-04 21:59:16.272442;21:59:16.604809;0;0.1;20;2;500;50
0.661755;M151;9;0;0;1;2020-07-04 21:59:16.614768;21:59:17.276523;0;0.1;20;2;500;50
0.079284;M187;9;0;0;1;2020-07-04 21:59:21.073471;21:59:21.152755;0;0.1;20;2;500;50
0.501679;M261;8;0;0;0;2020-07-04 21:59:38.565220;21:59:39.066899;0;0.1;20;2;500;50
0.092984;M332;9;0;0;1;2020-07-04 21:59:40.469886;21:59:40.562870;0;0.1;20;2;500;50
0.356491;M291;8;0;0;0;2020-07-04 21:59:42.020959;21:59:42.377450;0;0.1;20;2;500;50
0.398095;M358;9;0;0;1;2020-07-04 21:59:43.705921;21:59:44.104016;0;0.1;20;2;500;50
0.243729;M401;9;0;0;1;2020-07-04 21:59:49.439241;21:59:49.682970;0;0.1;20;2;500;50
0.170977;M403;9;0;0;1;2020-07-04 21:59:49.511993;21:59:49.682970;0;0.1;20;2;500;50
0.745305;M458;9;0;0;1;2020-07-04 21:59:56.341494;21:59:57.086799;0;0.1;20;2;500;50
1.19725;M476;8;0;0;0;2020-07-04 22:00:07.295429;22:00:08.492679;0;0.1;20;2;500;50
0.80944;M498;8;0;0;0;2020-07-04 22:00:10.634823;22:00:11.444263;0;0.1;20;2;500;50
0.071761;M008;9;0;0;1;2020-07-04 21:59:00.346876;21:59:00.418637;0;0.1;20;2;500;50
0.269096;M017;8;0;0;0;2020-07-04 21:59:03.119102;21:59:03.388198;0;0.1;20;2;500;50
0.288089;M050;9;0;0;1;2020-07-04 21:59:05.858749;21:59:06.146838;0;0.1;20;2;500;50
0.303788;M095;9;0;0;1;2020-07-04 21:59:10.995349;21:59:11.299137;0;0.1;20;2;500;50
0.566929;M156;9;0;0;1;2020-07-04 21:59:17.225563;21:59:17.792492;0;0.1;20;2;500;50
0.119776;M232;8;0;0;0;2020-07-04 21:59:33.857061;21:59:33.976837;0;0.1;20;2;500;50
0.3651;M274;8;0;0;0;2020-07-04 21:59:39.645719;21:59:40.010819;0;0.1;20;2;500;50
0.161025;M325;9;0;0;1;2020-07-04 21:59:39.849794;21:59:40.010819;0;0.1;20;2;500;50
0.132398;M371;9;0;0;1;2020-07-04 21:59:44.445749;21:59:44.578147;0;0.1;20;2;500;50
0.145881;M394;9;0;0;1;2020-07-04 21:59:48.483133;21:59:48.629014;0;0.1;20;2;500;50
0.359916;M378;8;0;0;0;2020-07-04 21:59:51.480280;21:59:51.840196;0;0.1;20;2;500;50
0.505064;M454;9;0;0;1;2020-07-04 21:59:55.853803;21:59:56.358867;0;0.1;20;2;500;50
0.152947;M433;8;0;0;0;2020-07-04 22:00:01.263693;22:00:01.416640;0;0.1;20;2;500;50
0.109027;M007;9;0;0;1;2020-07-04 21:59:00.315603;21:59:00.424630;0;0.1;20;2;500;50
0.075753;M023;9;0;0;1;2020-07-04 21:59:02.617156;21:59:02.692909;0;0.1;20;2;500;50
0.517337;M025;9;0;0;1;2020-07-04 21:59:02.870861;21:59:03.388198;0;0.1;20;2;500;50
0.375665;M080;9;0;0;1;2020-07-04 21:59:08.661010;21:59:09.036675;0;0.1;20;2;500;50
0.194638;M073;8;0;0;0;2020-07-04 21:59:11.103391;21:59:11.298029;0;0.1;20;2;500;50
0.471252;M168;9;0;0;1;2020-07-04 21:59:18.773561;21:59:19.244813;0;0.1;20;2;500;50
0.444476;M133;8;0;0;0;2020-07-04 21:59:19.268984;21:59:19.713460;0;0.1;20;2;500;50
0.26549;M158;8;0;0;0;2020-07-04 21:59:22.536233;21:59:22.801723;0;0.1;20;2;500;50
0.400884;M184;8;0;0;0;2020-07-04 21:59:25.330680;21:59:25.731564;0;0.1;20;2;500;50
0.852088;M226;9;0;0;1;2020-07-04 21:59:26.389152;21:59:27.241240;0;0.1;20;2;500;50
0.195496;M305;9;0;0;1;2020-07-04 21:59:37.196791;21:59:37.392287;0;0.1;20;2;500;50
0.087053;M255;8;0;0;0;2020-07-04 21:59:37.951360;21:59:38.038413;0;0.1;20;2;500;50
0.427304;M341;9;0;0;1;2020-07-04 21:59:41.512857;21:59:41.940161;0;0.1;20;2;500;50
0.068964;M299;8;0;0;0;2020-07-04 21:59:42.882662;21:59:42.951626;0;0.1;20;2;500;50
0.529767;M300;8;0;0;0;2020-07-04 21:59:42.999829;21:59:43.529596;0;0.1;20;2;500;50
0.347681;M407;9;0;0;1;2020-07-04 21:59:49.853175;21:59:50.200856;0;0.1;20;2;500;50
0.086103;M413;8;0;0;0;2020-07-04 21:59:56.272764;21:59:56.358867;0;0.1;20;2;500;50
0.583226;M460;9;0;0;1;2020-07-04 21:59:56.503573;21:59:57.086799;0;0.1;20;2;500;50
0.465823;M466;9;0;0;1;2020-07-04 21:59:57.324259;21:59:57.790082;0;0.1;20;2;500;50
0.517634;M488;9;0;0;1;2020-07-04 22:00:00.099505;22:00:00.617139;0;0.1;20;2;500;50
0.095483;M447;8;0;0;0;2020-07-04 22:00:03.446205;22:00:03.541688;0;0.1;20;2;500;50
0.263032;M455;8;0;0;0;2020-07-04 22:00:04.380398;22:00:04.643430;0;0.1;20;2;500;50
0.146849;M028;9;0;0;1;2020-07-04 21:59:03.241349;21:59:03.388198;0;0.1;20;2;500;50
0.117289;M019;8;0;0;0;2020-07-04 21:59:03.270909;21:59:03.388198;0;0.1;20;2;500;50
0.633007;M059;9;0;0;1;2020-07-04 21:59:06.805599;21:59:07.438606;0;0.1;20;2;500;50
0.297654;M064;9;0;0;1;2020-07-04 21:59:07.140952;21:59:07.438606;0;0.1;20;2;500;50
0.503232;M069;8;0;0;0;2020-07-04 21:59:10.794797;21:59:11.298029;0;0.1;20;2;500;50
0.068432;M122;9;0;0;1;2020-07-04 21:59:13.469565;21:59:13.537997;0;0.1;20;2;500;50
0.501666;M177;9;0;0;1;2020-07-04 21:59:19.948169;21:59:20.449835;0;0.1;20;2;500;50
0.106001;M194;9;0;0;1;2020-07-04 21:59:22.001597;21:59:22.107598;0;0.1;20;2;500;50
0.197642;M206;9;0;0;1;2020-07-04 21:59:23.838164;21:59:24.035806;0;0.1;20;2;500;50
0.573047;M234;9;0;0;1;2020-07-04 21:59:27.539923;21:59:28.112970;0;0.1;20;2;500;50
0.083227;M258;9;0;0;1;2020-07-04 21:59:30.810837;21:59:30.894064;0;0.1;20;2;500;50
0.174964;M281;9;0;0;1;2020-07-04 21:59:33.801873;21:59:33.976837;0;0.1;20;2;500;50
0.211587;M324;9;0;0;1;2020-07-04 21:59:39.799232;21:59:40.010819;0;0.1;20;2;500;50
0.190827;M361;9;0;0;1;2020-07-04 21:59:43.913189;21:59:44.104016;0;0.1;20;2;500;50
0.630461;M316;8;0;0;0;2020-07-04 21:59:44.557040;21:59:45.187501;0;0.1;20;2;500;50
0.436154;M326;8;0;0;0;2020-07-04 21:59:45.279168;21:59:45.715322;0;0.1;20;2;500;50
0.326675;M375;9;0;0;1;2020-07-04 21:59:45.388647;21:59:45.715322;0;0.1;20;2;500;50
0.090031;M410;9;0;0;1;2020-07-04 21:59:50.108610;21:59:50.198641;0;0.1;20;2;500;50
0.416583;M414;9;0;0;1;2020-07-04 21:59:50.372178;21:59:50.788761;0;0.1;20;2;500;50
0.273786;M463;9;0;0;1;2020-07-04 21:59:56.813013;21:59:57.086799;0;0.1;20;2;500;50
1.293959;M486;8;0;0;0;2020-07-04 22:00:08.542790;22:00:09.836749;0;0.1;20;2;500;50
0.404798;M032;8;0;0;0;2020-07-04 21:59:04.995163;21:59:05.399961;0;0.1;20;2;500;50
0.234638;M052;9;0;0;1;2020-07-04 21:59:05.912200;21:59:06.146838;0;0.1;20;2;500;50
0.477615;M053;9;0;0;1;2020-07-04 21:59:06.389685;21:59:06.867300;0;0.1;20;2;500;50
0.251935;M071;8;0;0;0;2020-07-04 21:59:11.046094;21:59:11.298029;0;0.1;20;2;500;50
0.604721;M127;8;0;0;0;2020-07-04 21:59:18.640092;21:59:19.244813;0;0.1;20;2;500;50
0.150492;M147;8;0;0;0;2020-07-04 21:59:21.408696;21:59:21.559188;0;0.1;20;2;500;50
0.675819;M160;8;0;0;0;2020-07-04 21:59:22.782363;21:59:23.458182;0;0.1;20;2;500;50
0.346368;M272;9;0;0;1;2020-07-04 21:59:32.413917;21:59:32.760285;0;0.1;20;2;500;50
0.483246;M282;8;0;0;0;2020-07-04 21:59:40.710230;21:59:41.193476;0;0.1;20;2;500;50
0.241739;M307;8;0;0;0;2020-07-04 21:59:43.862277;21:59:44.104016;0;0.1;20;2;500;50
0.186657;M334;8;0;0;0;2020-07-04 21:59:45.997465;21:59:46.184122;0;0.1;20;2;500;50
0.14433;M490;9;0;0;1;2020-07-04 22:00:00.472809;22:00:00.617139;0;0.1;20;2;500;50
0.686925;M451;8;0;0;0;2020-07-04 22:00:03.956505;22:00:04.643430;0;0.1;20;2;500;50
1.235086;M487;8;0;0;0;2020-07-04 22:00:08.601663;22:00:09.836749;0;0.1;20;2;500;50
0.24151;M036;8;0;0;0;2020-07-04 21:59:06.625790;21:59:06.867300;0;0.1;20;2;500;50
0.098095;M057;9;0;0;1;2020-07-04 21:59:06.769205;21:59:06.867300;0;0.1;20;2;500;50
0.551013;M145;9;0;0;1;2020-07-04 21:59:16.053796;21:59:16.604809;0;0.1;20;2;500;50
0.211717;M136;8;0;0;0;2020-07-04 21:59:19.501743;21:59:19.713460;0;0.1;20;2;500;50
0.478241;M261;9;0;0;1;2020-07-04 21:59:31.092052;21:59:31.570293;0;0.1;20;2;500;50
0.152889;M266;9;0;0;1;2020-07-04 21:59:31.417404;21:59:31.570293;0;0.1;20;2;500;50
0.244746;M268;9;0;0;1;2020-07-04 21:59:31.890687;21:59:32.135433;0;0.1;20;2;500;50
0.418737;M227;8;0;0;0;2020-07-04 21:59:33.558100;21:59:33.976837;0;0.1;20;2;500;50
0.462325;M266;8;0;0;0;2020-07-04 21:59:39.073218;21:59:39.535543;0;0.1;20;2;500;50
0.452852;M322;9;0;0;1;2020-07-04 21:59:39.557967;21:59:40.010819;0;0.1;20;2;500;50
0.704521;M333;9;0;0;1;2020-07-04 21:59:40.488955;21:59:41.193476;0;0.1;20;2;500;50
0.784603;M285;8;0;0;0;2020-07-04 21:59:41.155558;21:59:41.940161;0;0.1;20;2;500;50
0.48553;M301;8;0;0;0;2020-07-04 21:59:43.044066;21:59:43.529596;0;0.1;20;2;500;50
0.09207;M315;8;0;0;0;2020-07-04 21:59:44.486077;21:59:44.578147;0;0.1;20;2;500;50
0.376775;M320;8;0;0;0;2020-07-04 21:59:44.810726;21:59:45.187501;0;0.1;20;2;500;50
0.290508;M332;8;0;0;0;2020-07-04 21:59:45.893614;21:59:46.184122;0;0.1;20;2;500;50
0.157362;M456;9;0;0;1;2020-07-04 21:59:56.201505;21:59:56.358867;0;0.1;20;2;500;50
0.633234;M459;9;0;0;1;2020-07-04 21:59:56.453565;21:59:57.086799;0;0.1;20;2;500;50
0.371527;M472;9;0;0;1;2020-07-04 21:59:58.246067;21:59:58.617594;0;0.1;20;2;500;50
0.394029;M146;9;0;0;1;2020-07-04 21:59:16.210780;21:59:16.604809;0;0.1;20;2;500;50
0.234432;M109;8;0;0;0;2020-07-04 21:59:16.370377;21:59:16.604809;0;0.1;20;2;500;50
0.6309;M202;9;0;0;1;2020-07-04 21:59:23.404906;21:59:24.035806;0;0.1;20;2;500;50
0.113669;M187;8;0;0;0;2020-07-04 21:59:25.617895;21:59:25.731564;0;0.1;20;2;500;50
0.241866;M219;8;0;0;0;2020-07-04 21:59:32.518419;21:59:32.760285;0;0.1;20;2;500;50
0.473221;M297;9;0;0;1;2020-07-04 21:59:35.218009;21:59:35.691230;0;0.1;20;2;500;50
0.380792;M249;8;0;0;0;2020-07-04 21:59:37.011495;21:59:37.392287;0;0.1;20;2;500;50
0.50238;M365;9;0;0;1;2020-07-04 21:59:44.075767;21:59:44.578147;0;0.1;20;2;500;50
0.802391;M391;8;0;0;0;2020-07-04 21:59:53.303719;21:59:54.106110;0;0.1;20;2;500;50
0.687741;M450;9;0;0;1;2020-07-04 21:59:55.057794;21:59:55.745535;0;0.1;20;2;500;50
0.437531;M455;9;0;0;1;2020-07-04 21:59:55.921336;21:59:56.358867;0;0.1;20;2;500;50
0.318994;M415;8;0;0;0;2020-07-04 21:59:56.767805;21:59:57.086799;0;0.1;20;2;500;50
0.658765;M425;8;0;0;0;2020-07-04 21:59:59.958374;22:00:00.617139;0;0.1;20;2;500;50
0.581672;M494;9;0;0;1;2020-07-04 22:00:00.833814;22:00:01.415486;0;0.1;20;2;500;50
0.139781;M439;8;0;0;0;2020-07-04 22:00:01.998911;22:00:02.138692;0;0.1;20;2;500;50
0.620172;M009;9;0;0;1;2020-07-04 21:59:00.373737;21:59:00.993909;0;0.1;20;2;500;50
0.31889;M023;8;0;0;0;2020-07-04 21:59:03.717139;21:59:04.036029;0;0.1;20;2;500;50
0.568629;M059;8;0;0;0;2020-07-04 21:59:09.616133;21:59:10.184762;0;0.1;20;2;500;50
0.385516;M109;9;0;0;1;2020-07-04 21:59:12.503231;21:59:12.888747;0;0.1;20;2;500;50
0.33213;M110;9;0;0;1;2020-07-04 21:59:12.556617;21:59:12.888747;0;0.1;20;2;500;50
0.205361;M140;9;0;0;1;2020-07-04 21:59:15.852698;21:59:16.058059;0;0.1;20;2;500;50
0.166841;M181;8;0;0;0;2020-07-04 21:59:25.071809;21:59:25.238650;0;0.1;20;2;500;50
0.526377;M183;8;0;0;0;2020-07-04 21:59:25.205187;21:59:25.731564;0;0.1;20;2;500;50
0.467909;M239;9;0;0;1;2020-07-04 21:59:28.316757;21:59:28.784666;0;0.1;20;2;500;50
0.377846;M254;9;0;0;1;2020-07-04 21:59:30.516218;21:59:30.894064;0;0.1;20;2;500;50
0.354928;M378;9;0;0;1;2020-07-04 21:59:45.829194;21:59:46.184122;0;0.1;20;2;500;50
0.308633;M352;8;0;0;0;2020-07-04 21:59:48.320381;21:59:48.629014;0;0.1;20;2;500;50
0.312487;M361;8;0;0;0;2020-07-04 21:59:49.370483;21:59:49.682970;0;0.1;20;2;500;50
0.797894;M388;8;0;0;0;2020-07-04 21:59:52.370946;21:59:53.168840;0;0.1;20;2;500;50
0.562928;M015;8;0;0;0;2020-07-04 21:59:02.825270;21:59:03.388198;0;0.1;20;2;500;50
0.365959;M026;9;0;0;1;2020-07-04 21:59:03.022239;21:59:03.388198;0;0.1;20;2;500;50
0.669439;M041;8;0;0;0;2020-07-04 21:59:07.430696;21:59:08.100135;0;0.1;20;2;500;50
0.262861;M047;8;0;0;0;2020-07-04 21:59:08.258658;21:59:08.521519;0;0.1;20;2;500;50
0.162318;M101;9;0;0;1;2020-07-04 21:59:11.577342;21:59:11.739660;0;0.1;20;2;500;50
0.701307;M087;8;0;0;0;2020-07-04 21:59:12.837680;21:59:13.538987;0;0.1;20;2;500;50
0.220481;M148;9;0;0;1;2020-07-04 21:59:16.384328;21:59:16.604809;0;0.1;20;2;500;50
0.089669;M168;8;0;0;0;2020-07-04 21:59:23.946137;21:59:24.035806;0;0.1;20;2;500;50
0.684041;M176;8;0;0;0;2020-07-04 21:59:24.554609;21:59:25.238650;0;0.1;20;2;500;50
0.384328;M256;8;0;0;0;2020-07-04 21:59:38.138347;21:59:38.522675;0;0.1;20;2;500;50
0.232069;M329;9;0;0;1;2020-07-04 21:59:40.330801;21:59:40.562870;0;0.1;20;2;500;50
0.432408;M331;8;0;0;0;2020-07-04 21:59:45.751714;21:59:46.184122;0;0.1;20;2;500;50
0.280975;M446;8;0;0;0;2020-07-04 22:00:03.260713;22:00:03.541688;0;0.1;20;2;500;50
0.374837;M022;8;0;0;0;2020-07-04 21:59:03.662189;21:59:04.037026;0;0.1;20;2;500;50
0.391631;M027;8;0;0;0;2020-07-04 21:59:04.159267;21:59:04.550898;0;0.1;20;2;500;50
0.082872;M058;9;0;0;1;2020-07-04 21:59:06.784428;21:59:06.867300;0;0.1;20;2;500;50
0.569106;M065;8;0;0;0;2020-07-04 21:59:10.150096;21:59:10.719202;0;0.1;20;2;500;50
0.28476;M075;8;0;0;0;2020-07-04 21:59:11.454900;21:59:11.739660;0;0.1;20;2;500;50
0.521365;M117;9;0;0;1;2020-07-04 21:59:13.015641;21:59:13.537006;0;0.1;20;2;500;50
0.229816;M120;9;0;0;1;2020-07-04 21:59:13.306366;21:59:13.536182;0;0.1;20;2;500;50
0.49665;M105;8;0;0;0;2020-07-04 21:59:16.108159;21:59:16.604809;0;0.1;20;2;500;50
0.702045;M150;9;0;0;1;2020-07-04 21:59:16.574478;21:59:17.276523;0;0.1;20;2;500;50
0.232685;M115;8;0;0;0;2020-07-04 21:59:17.043838;21:59:17.276523;0;0.1;20;2;500;50
0.493743;M118;8;0;0;0;2020-07-04 21:59:17.298749;21:59:17.792492;0;0.1;20;2;500;50
0.435118;M169;9;0;0;1;2020-07-04 21:59:18.809695;21:59:19.244813;0;0.1;20;2;500;50
0.280282;M179;9;0;0;1;2020-07-04 21:59:20.169553;21:59:20.449835;0;0.1;20;2;500;50
0.251893;M146;8;0;0;0;2020-07-04 21:59:21.307295;21:59:21.559188;0;0.1;20;2;500;50
0.441188;M202;8;0;0;0;2020-07-04 21:59:29.202644;21:59:29.643832;0;0.1;20;2;500;50
0.193847;M217;8;0;0;0;2020-07-04 21:59:31.941586;21:59:32.135433;0;0.1;20;2;500;50
0.372156;M253;8;0;0;0;2020-07-04 21:59:37.666257;21:59:38.038413;0;0.1;20;2;500;50
0.27876;M279;8;0;0;0;2020-07-04 21:59:40.284110;21:59:40.562870;0;0.1;20;2;500;50
0.404714;M342;9;0;0;1;2020-07-04 21:59:41.535447;21:59:41.940161;0;0.1;20;2;500;50
0.105492;M288;8;0;0;0;2020-07-04 21:59:41.834669;21:59:41.940161;0;0.1;20;2;500;50
0.537358;M364;9;0;0;1;2020-07-04 21:59:44.040789;21:59:44.578147;0;0.1;20;2;500;50
0.663489;M411;9;0;0;1;2020-07-04 21:59:50.125272;21:59:50.788761;0;0.1;20;2;500;50
0.102627;M371;8;0;0;0;2020-07-04 21:59:50.686134;21:59:50.788761;0;0.1;20;2;500;50
0.387403;M428;9;0;0;1;2020-07-04 21:59:51.452793;21:59:51.840196;0;0.1;20;2;500;50
0.298516;M468;9;0;0;1;2020-07-04 21:59:57.491566;21:59:57.790082;0;0.1;20;2;500;50
0.489268;M417;8;0;0;0;2020-07-04 21:59:58.128326;21:59:58.617594;0;0.1;20;2;500;50
1.332574;M440;8;0;0;0;2020-07-04 22:00:02.209114;22:00:03.541688;0;0.1;20;2;500;50
1.33889;M459;8;0;0;0;2020-07-04 22:00:04.895030;22:00:06.233920;0;0.1;20;2;500;50
0.646055;M466;8;0;0;0;2020-07-04 22:00:06.534498;22:00:07.180553;0;0.1;20;2;500;50
1.496619;M495;8;0;0;0;2020-07-04 22:00:09.945642;22:00:11.442261;0;0.1;20;2;500;50
0.272268;M004;8;0;0;0;2020-07-04 21:59:01.643099;21:59:01.915367;0;0.1;20;2;500;50
0.284503;M011;8;0;0;0;2020-07-04 21:59:02.408406;21:59:02.692909;0;0.1;20;2;500;50
0.544387;M024;9;0;0;1;2020-07-04 21:59:02.843811;21:59:03.388198;0;0.1;20;2;500;50
0.526478;M080;8;0;0;0;2020-07-04 21:59:11.730233;21:59:12.256711;0;0.1;20;2;500;50
0.33482;M090;8;0;0;0;2020-07-04 21:59:13.786562;21:59:14.121382;0;0.1;20;2;500;50
0.138291;M110;8;0;0;0;2020-07-04 21:59:16.466518;21:59:16.604809;0;0.1;20;2;500;50
0.471831;M143;8;0;0;0;2020-07-04 21:59:21.087357;21:59:21.559188;0;0.1;20;2;500;50
0.402865;M155;8;0;0;0;2020-07-04 21:59:22.398858;21:59:22.801723;0;0.1;20;2;500;50
0.362466;M262;9;0;0;1;2020-07-04 21:59:31.207827;21:59:31.570293;0;0.1;20;2;500;50
0.693145;M269;9;0;0;1;2020-07-04 21:59:32.067140;21:59:32.760285;0;0.1;20;2;500;50
0.634153;M237;8;0;0;0;2020-07-04 21:59:34.465217;21:59:35.099370;0;0.1;20;2;500;50
0.414925;M247;8;0;0;0;2020-07-04 21:59:36.142556;21:59:36.557481;0;0.1;20;2;500;50
0.512357;M357;9;0;0;1;2020-07-04 21:59:43.591659;21:59:44.104016;0;0.1;20;2;500;50
0.396131;M305;8;0;0;0;2020-07-04 21:59:43.707885;21:59:44.104016;0;0.1;20;2;500;50
0.516422;M325;8;0;0;0;2020-07-04 21:59:45.198900;21:59:45.715322;0;0.1;20;2;500;50
0.097064;M380;9;0;0;1;2020-07-04 21:59:46.087058;21:59:46.184122;0;0.1;20;2;500;50
0.342467;M396;9;0;0;1;2020-07-04 21:59:48.925896;21:59:49.268363;0;0.1;20;2;500;50
0.140968;M357;8;0;0;0;2020-07-04 21:59:49.127395;21:59:49.268363;0;0.1;20;2;500;50
0.845087;M400;8;0;0;0;2020-07-04 21:59:54.900448;21:59:55.745535;0;0.1;20;2;500;50
0.39329;M032;9;0;0;1;2020-07-04 21:59:03.642739;21:59:04.036029;0;0.1;20;2;500;50
0.692661;M030;8;0;0;0;2020-07-04 21:59:04.707300;21:59:05.399961;0;0.1;20;2;500;50
0.591928;M061;9;0;0;1;2020-07-04 21:59:06.846678;21:59:07.438606;0;0.1;20;2;500;50
0.209656;M076;8;0;0;0;2020-07-04 21:59:11.530004;21:59:11.739660;0;0.1;20;2;500;50
0.496784;M136;9;0;0;1;2020-07-04 21:59:15.561275;21:59:16.058059;0;0.1;20;2;500;50
0.575059;M144;9;0;0;1;2020-07-04 21:59:16.029750;21:59:16.604809;0;0.1;20;2;500;50
0.455395;M157;9;0;0;1;2020-07-04 21:59:17.337097;21:59:17.792492;0;0.1;20;2;500;50
0.295954;M134;8;0;0;0;2020-07-04 21:59:19.417506;21:59:19.713460;0;0.1;20;2;500;50
0.603675;M163;8;0;0;0;2020-07-04 21:59:23.432131;21:59:24.035806;0;0.1;20;2;500;50
0.460696;M209;9;0;0;1;2020-07-04 21:59:24.121857;21:59:24.582553;0;0.1;20;2;500;50
0.335203;M185;8;0;0;0;2020-07-04 21:59:25.396361;21:59:25.731564;0;0.1;20;2;500;50
0.212196;M294;9;0;0;1;2020-07-04 21:59:34.887174;21:59:35.099370;0;0.1;20;2;500;50
0.462911;M303;9;0;0;1;2020-07-04 21:59:36.094570;21:59:36.557481;0;0.1;20;2;500;50
0.495347;M281;8;0;0;0;2020-07-04 21:59:40.698129;21:59:41.193476;0;0.1;20;2;500;50
0.130591;M311;8;0;0;0;2020-07-04 21:59:43.973425;21:59:44.104016;0;0.1;20;2;500;50
0.087761;M339;8;0;0;0;2020-07-04 21:59:46.715018;21:59:46.802779;0;0.1;20;2;500;50
0.233372;M376;8;0;0;0;2020-07-04 21:59:51.172306;21:59:51.405678;0;0.1;20;2;500;50
0.412928;M447;9;0;0;1;2020-07-04 21:59:54.521113;21:59:54.934041;0;0.1;20;2;500;50
0.111194;M429;8;0;0;0;2020-07-04 22:00:00.505945;22:00:00.617139;0;0.1;20;2;500;50
0.543981;M002;8;0;0;0;2020-07-04 21:59:01.371386;21:59:01.915367;0;0.1;20;2;500;50
0.193121;M033;9;0;0;1;2020-07-04 21:59:03.843905;21:59:04.037026;0;0.1;20;2;500;50
0.345405;M043;9;0;0;1;2020-07-04 21:59:05.054556;21:59:05.399961;0;0.1;20;2;500;50
0.579539;M169;8;0;0;0;2020-07-04 21:59:24.003014;21:59:24.582553;0;0.1;20;2;500;50
0.171961;M237;9;0;0;1;2020-07-04 21:59:27.941009;21:59:28.112970;0;0.1;20;2;500;50
0.287272;M203;8;0;0;0;2020-07-04 21:59:29.356560;21:59:29.643832;0;0.1;20;2;500;50
0.720898;M260;9;0;0;1;2020-07-04 21:59:30.849395;21:59:31.570293;0;0.1;20;2;500;50
0.189267;M278;9;0;0;1;2020-07-04 21:59:33.366057;21:59:33.555324;0;0.1;20;2;500;50
0.107495;M314;9;0;0;1;2020-07-04 21:59:38.959404;21:59:39.066899;0;0.1;20;2;500;50
0.225084;M286;8;0;0;0;2020-07-04 21:59:41.715077;21:59:41.940161;0;0.1;20;2;500;50
0.489752;M387;9;0;0;1;2020-07-04 21:59:47.047232;21:59:47.536984;0;0.1;20;2;500;50
0.595303;M404;9;0;0;1;2020-07-04 21:59:49.605553;21:59:50.200856;0;0.1;20;2;500;50
0.242839;M429;9;0;0;1;2020-07-04 21:59:51.597357;21:59:51.840196;0;0.1;20;2;500;50
0.1535;M390;8;0;0;0;2020-07-04 21:59:53.015340;21:59:53.168840;0;0.1;20;2;500;50
0.544368;M393;8;0;0;0;2020-07-04 21:59:53.561742;21:59:54.106110;0;0.1;20;2;500;50
0.333874;M448;9;0;0;1;2020-07-04 21:59:54.600167;21:59:54.934041;0;0.1;20;2;500;50
0.16971;M478;9;0;0;1;2020-07-04 21:59:59.105944;21:59:59.275654;0;0.1;20;2;500;50
0.169027;M438;8;0;0;0;2020-07-04 22:00:01.969665;22:00:02.138692;0;0.1;20;2;500;50
0.567576;M024;8;0;0;0;2020-07-04 21:59:03.983322;21:59:04.550898;0;0.1;20;2;500;50
0.143169;M077;9;0;0;1;2020-07-04 21:59:08.378350;21:59:08.521519;0;0.1;20;2;500;50
0.127074;M067;8;0;0;0;2020-07-04 21:59:10.592128;21:59:10.719202;0;0.1;20;2;500;50
0.630434;M068;8;0;0;0;2020-07-04 21:59:10.667595;21:59:11.298029;0;0.1;20;2;500;50
0.197075;M097;9;0;0;1;2020-07-04 21:59:11.100954;21:59:11.298029;0;0.1;20;2;500;50
0.296916;M099;9;0;0;1;2020-07-04 21:59:11.442744;21:59:11.739660;0;0.1;20;2;500;50
0.474842;M118;9;0;0;1;2020-07-04 21:59:13.061340;21:59:13.536182;0;0.1;20;2;500;50
0.123407;M104;8;0;0;0;2020-07-04 21:59:15.934652;21:59:16.058059;0;0.1;20;2;500;50
0.504337;M114;8;0;0;0;2020-07-04 21:59:16.772186;21:59:17.276523;0;0.1;20;2;500;50
0.245924;M125;8;0;0;0;2020-07-04 21:59:18.233445;21:59:18.479369;0;0.1;20;2;500;50
0.512939;M170;8;0;0;0;2020-07-04 21:59:24.069614;21:59:24.582553;0;0.1;20;2;500;50
0.274132;M190;8;0;0;0;2020-07-04 21:59:26.145190;21:59:26.419322;0;0.1;20;2;500;50
0.083287;M225;9;0;0;1;2020-07-04 21:59:26.336035;21:59:26.419322;0;0.1;20;2;500;50
0.24192;M199;8;0;0;0;2020-07-04 21:59:28.542746;21:59:28.784666;0;0.1;20;2;500;50
0.468512;M253;9;0;0;1;2020-07-04 21:59:30.425552;21:59:30.894064;0;0.1;20;2;500;50
0.188657;M273;9;0;0;1;2020-07-04 21:59:32.571628;21:59:32.760285;0;0.1;20;2;500;50
0.520217;M276;9;0;0;1;2020-07-04 21:59:33.035107;21:59:33.555324;0;0.1;20;2;500;50
0.395129;M228;8;0;0;0;2020-07-04 21:59:33.581708;21:59:33.976837;0;0.1;20;2;500;50
0.207625;M239;8;0;0;0;2020-07-04 21:59:34.891745;21:59:35.099370;0;0.1;20;2;500;50
0.457293;M278;8;0;0;0;2020-07-04 21:59:40.105577;21:59:40.562870;0;0.1;20;2;500;50
0.681337;M335;8;0;0;0;2020-07-04 21:59:46.121442;21:59:46.802779;0;0.1;20;2;500;50
0.633043;M418;9;0;0;1;2020-07-04 21:59:50.772635;21:59:51.405678;0;0.1;20;2;500;50
0.386051;M477;9;0;0;1;2020-07-04 21:59:58.889603;21:59:59.275654;0;0.1;20;2;500;50
0.556113;M001;9;0;0;1;2020-07-04 21:58:59.865524;21:59:00.421637;0;0.1;20;2;500;50
0.277037;M013;9;0;0;1;2020-07-04 21:59:00.716872;21:59:00.993909;0;0.1;20;2;500;50
0.132525;M012;8;0;0;0;2020-07-04 21:59:02.562419;21:59:02.694944;0;0.1;20;2;500;50
0.274041;M061;8;0;0;0;2020-07-04 21:59:09.910721;21:59:10.184762;0;0.1;20;2;500;50
0.668946;M135;9;0;0;1;2020-07-04 21:59:15.389113;21:59:16.058059;0;0.1;20;2;500;50
0.515511;M128;8;0;0;0;2020-07-04 21:59:18.729302;21:59:19.244813;0;0.1;20;2;500;50
0.685014;M176;9;0;0;1;2020-07-04 21:59:19.764821;21:59:20.449835;0;0.1;20;2;500;50
0.485438;M140;8;0;0;0;2020-07-04 21:59:19.964397;21:59:20.449835;0;0.1;20;2;500;50
0.144661;M180;9;0;0;1;2020-07-04 21:59:20.305174;21:59:20.449835;0;0.1;20;2;500;50
0.764937;M195;9;0;0;1;2020-07-04 21:59:22.036786;21:59:22.801723;0;0.1;20;2;500;50
0.654317;M230;9;0;0;1;2020-07-04 21:59:26.586923;21:59:27.241240;0;0.1;20;2;500;50
0.25472;M211;8;0;0;0;2020-07-04 21:59:30.639344;21:59:30.894064;0;0.1;20;2;500;50
0.515223;M270;9;0;0;1;2020-07-04 21:59:32.245062;21:59:32.760285;0;0.1;20;2;500;50
0.453728;M279;9;0;0;1;2020-07-04 21:59:33.523109;21:59:33.976837;0;0.1;20;2;500;50
0.374789;M280;9;0;0;1;2020-07-04 21:59:33.602048;21:59:33.976837;0;0.1;20;2;500;50
0.334339;M229;8;0;0;0;2020-07-04 21:59:33.642498;21:59:33.976837;0;0.1;20;2;500;50
0.422668;M242;8;0;0;0;2020-07-04 21:59:35.268562;21:59:35.691230;0;0.1;20;2;500;50
0.096889;M250;8;0;0;0;2020-07-04 21:59:37.295398;21:59:37.392287;0;0.1;20;2;500;50
0.627335;M350;9;0;0;1;2020-07-04 21:59:42.324291;21:59:42.951626;0;0.1;20;2;500;50
0.549384;M355;9;0;0;1;2020-07-04 21:59:42.980212;21:59:43.529596;0;0.1;20;2;500;50
0.083827;M363;9;0;0;1;2020-07-04 21:59:44.020189;21:59:44.104016;0;0.1;20;2;500;50
0.347647;M368;9;0;0;1;2020-07-04 21:59:44.230500;21:59:44.578147;0;0.1;20;2;500;50
0.659847;M348;8;0;0;0;2020-07-04 21:59:47.501995;21:59:48.161842;0;0.1;20;2;500;50
0.26645;M390;9;0;0;1;2020-07-04 21:59:47.895392;21:59:48.161842;0;0.1;20;2;500;50
0.502291;M398;8;0;0;0;2020-07-04 21:59:54.431750;21:59:54.934041;0;0.1;20;2;500;50
0.405678;M444;8;0;0;0;2020-07-04 22:00:03.136010;22:00:03.541688;0;0.1;20;2;500;50
0.091641;M483;8;0;0;0;2020-07-04 22:00:08.401038;22:00:08.492679;0;0.1;20;2;500;50
0.704079;M000;9;0;0;1;2020-07-04 21:58:59.719546;21:59:00.423625;0;0.1;20;2;500;50
0.08869;M045;9;0;0;1;2020-07-04 21:59:05.311271;21:59:05.399961;0;0.1;20;2;500;50
0.198413;M065;9;0;0;1;2020-07-04 21:59:07.240193;21:59:07.438606;0;0.1;20;2;500;50
0.351479;M070;8;0;0;0;2020-07-04 21:59:10.944345;21:59:11.295824;0;0.1;20;2;500;50
0.14146;M105;9;0;0;1;2020-07-04 21:59:12.115251;21:59:12.256711;0;0.1;20;2;500;50
0.610093;M095;8;0;0;0;2020-07-04 21:59:14.195070;21:59:14.805163;0;0.1;20;2;500;50
0.517007;M153;9;0;0;1;2020-07-04 21:59:16.759516;21:59:17.276523;0;0.1;20;2;500;50
0.448587;M185;9;0;0;1;2020-07-04 21:59:20.704168;21:59:21.152755;0;0.1;20;2;500;50
0.499413;M192;9;0;0;1;2020-07-04 21:59:21.608185;21:59:22.107598;0;0.1;20;2;500;50
0.1087;M221;8;0;0;0;2020-07-04 21:59:32.651585;21:59:32.760285;0;0.1;20;2;500;50
0.25109;M285;9;0;0;1;2020-07-04 21:59:34.179029;21:59:34.430119;0;0.1;20;2;500;50
0.093476;M288;9;0;0;1;2020-07-04 21:59:34.336643;21:59:34.430119;0;0.1;20;2;500;50
0.344201;M264;8;0;0;0;2020-07-04 21:59:38.722698;21:59:39.066899;0;0.1;20;2;500;50
0.152484;M336;9;0;0;1;2020-07-04 21:59:41.040992;21:59:41.193476;0;0.1;20;2;500;50
0.799948;M338;9;0;0;1;2020-07-04 21:59:41.140213;21:59:41.940161;0;0.1;20;2;500;50
0.19813;M287;8;0;0;0;2020-07-04 21:59:41.742031;21:59:41.940161;0;0.1;20;2;500;50
0.468651;M344;9;0;0;1;2020-07-04 21:59:41.908799;21:59:42.377450;0;0.1;20;2;500;50
0.630309;M383;9;0;0;1;2020-07-04 21:59:46.172470;21:59:46.802779;0;0.1;20;2;500;50
0.712966;M340;8;0;0;0;2020-07-04 21:59:46.824018;21:59:47.536984;0;0.1;20;2;500;50
0.375947;M360;8;0;0;0;2020-07-04 21:59:49.307023;21:59:49.682970;0;0.1;20;2;500;50
0.590802;M368;8;0;0;0;2020-07-04 21:59:50.197959;21:59:50.788761;0;0.1;20;2;500;50
0.416295;M386;8;0;0;0;2020-07-04 21:59:52.019564;21:59:52.435859;0;0.1;20;2;500;50
0.422249;M394;8;0;0;0;2020-07-04 21:59:53.683861;21:59:54.106110;0;0.1;20;2;500;50
0.13889;M406;8;0;0;0;2020-07-04 21:59:55.606645;21:59:55.745535;0;0.1;20;2;500;50
0.85099;M470;9;0;0;1;2020-07-04 21:59:57.766604;21:59:58.617594;0;0.1;20;2;500;50
0.983644;M441;8;0;0;0;2020-07-04 22:00:02.558044;22:00:03.541688;0;0.1;20;2;500;50
0.345636;M470;8;0;0;0;2020-07-04 22:00:06.834917;22:00:07.180553;0;0.1;20;2;500;50
0.720007;M008;8;0;0;0;2020-07-04 21:59:01.971897;21:59:02.691904;0;0.1;20;2;500;50
0.166054;M040;9;0;0;1;2020-07-04 21:59:04.384844;21:59:04.550898;0;0.1;20;2;500;50
0.501929;M062;9;0;0;1;2020-07-04 21:59:06.936677;21:59:07.438606;0;0.1;20;2;500;50
0.469583;M085;9;0;0;1;2020-07-04 21:59:09.160691;21:59:09.630274;0;0.1;20;2;500;50
0.652708;M094;9;0;0;1;2020-07-04 21:59:10.645321;21:59:11.298029;0;0.1;20;2;500;50
0.474701;M082;8;0;0;0;2020-07-04 21:59:11.782010;21:59:12.256711;0;0.1;20;2;500;50
0.662912;M121;8;0;0;0;2020-07-04 21:59:17.816457;21:59:18.479369;0;0.1;20;2;500;50
0.187117;M175;9;0;0;1;2020-07-04 21:59:19.526343;21:59:19.713460;0;0.1;20;2;500;50
0.359896;M186;9;0;0;1;2020-07-04 21:59:20.792859;21:59:21.152755;0;0.1;20;2;500;50
0.365903;M210;9;0;0;1;2020-07-04 21:59:24.216650;21:59:24.582553;0;0.1;20;2;500;50
0.522907;M223;8;0;0;0;2020-07-04 21:59:33.032417;21:59:33.555324;0;0.1;20;2;500;50
0.204562;M226;8;0;0;0;2020-07-04 21:59:33.350762;21:59:33.555324;0;0.1;20;2;500;50
0.08557;M282;9;0;0;1;2020-07-04 21:59:33.891267;21:59:33.976837;0;0.1;20;2;500;50
0.416626;M299;9;0;0;1;2020-07-04 21:59:35.274604;21:59:35.691230;0;0.1;20;2;500;50
0.220707;M304;9;0;0;1;2020-07-04 21:59:36.336774;21:59:36.557481;0;0.1;20;2;500;50
0.266281;M319;9;0;0;1;2020-07-04 21:59:39.269262;21:59:39.535543;0;0.1;20;2;500;50
0.457357;M340;9;0;0;1;2020-07-04 21:59:41.482804;21:59:41.940161;0;0.1;20;2;500;50
0.686353;M347;8;0;0;0;2020-07-04 21:59:47.475489;21:59:48.161842;0;0.1;20;2;500;50
0.554984;M391;9;0;0;1;2020-07-04 21:59:48.074030;21:59:48.629014;0;0.1;20;2;500;50
0.705528;M486;9;0;0;1;2020-07-04 21:59:59.911611;22:00:00.617139;0;0.1;20;2;500;50
0.128885;M035;9;0;0;1;2020-07-04 21:59:03.909137;21:59:04.038022;0;0.1;20;2;500;50
0.588019;M054;8;0;0;0;2020-07-04 21:59:09.042255;21:59:09.630274;0;0.1;20;2;500;50
0.327013;M085;8;0;0;0;2020-07-04 21:59:12.561734;21:59:12.888747;0;0.1;20;2;500;50
0.375163;M208;8;0;0;0;2020-07-04 21:59:30.518901;21:59:30.894064;0;0.1;20;2;500;50
0.132608;M231;8;0;0;0;2020-07-04 21:59:33.844229;21:59:33.976837;0;0.1;20;2;500;50
0.119875;M286;9;0;0;1;2020-07-04 21:59:34.310244;21:59:34.430119;0;0.1;20;2;500;50
0.611088;M289;9;0;0;1;2020-07-04 21:59:34.488282;21:59:35.099370;0;0.1;20;2;500;50
0.289733;M254;8;0;0;0;2020-07-04 21:59:37.748680;21:59:38.038413;0;0.1;20;2;500;50
0.09799;M320;9;0;0;1;2020-07-04 21:59:39.437553;21:59:39.535543;0;0.1;20;2;500;50
0.637241;M339;9;0;0;1;2020-07-04 21:59:41.302920;21:59:41.940161;0;0.1;20;2;500;50
0.227062;M298;8;0;0;0;2020-07-04 21:59:42.724564;21:59:42.951626;0;0.1;20;2;500;50
0.189028;M309;8;0;0;0;2020-07-04 21:59:43.914988;21:59:44.104016;0;0.1;20;2;500;50
0.086002;M323;8;0;0;0;2020-07-04 21:59:45.101499;21:59:45.187501;0;0.1;20;2;500;50
0.264441;M355;8;0;0;0;2020-07-04 21:59:49.003922;21:59:49.268363;0;0.1;20;2;500;50
0.610802;M412;9;0;0;1;2020-07-04 21:59:50.177959;21:59:50.788761;0;0.1;20;2;500;50
0.383462;M369;8;0;0;0;2020-07-04 21:59:50.405299;21:59:50.788761;0;0.1;20;2;500;50
0.586693;M433;9;0;0;1;2020-07-04 21:59:51.849166;21:59:52.435859;0;0.1;20;2;500;50
0.741872;M446;9;0;0;1;2020-07-04 21:59:54.192169;21:59:54.934041;0;0.1;20;2;500;50
0.444045;M409;8;0;0;0;2020-07-04 21:59:55.914822;21:59:56.358867;0;0.1;20;2;500;50
0.088061;M484;9;0;0;1;2020-07-04 21:59:59.734342;21:59:59.822403;0;0.1;20;2;500;50
0.388748;M445;8;0;0;0;2020-07-04 22:00:03.152940;22:00:03.541688;0;0.1;20;2;500;50
0.573443;M467;8;0;0;0;2020-07-04 22:00:06.607110;22:00:07.180553;0;0.1;20;2;500;50
0.89693;M490;8;0;0;0;2020-07-04 22:00:08.939819;22:00:09.836749;0;0.1;20;2;500;50
0.34667;M012;9;0;0;1;2020-07-04 21:59:00.647239;21:59:00.993909;0;0.1;20;2;500;50
0.613382;M038;8;0;0;0;2020-07-04 21:59:06.825224;21:59:07.438606;0;0.1;20;2;500;50
0.218526;M075;9;0;0;1;2020-07-04 21:59:08.302993;21:59:08.521519;0;0.1;20;2;500;50
0.533407;M088;8;0;0;0;2020-07-04 21:59:13.003599;21:59:13.537006;0;0.1;20;2;500;50
0.198568;M126;9;0;0;1;2020-07-04 21:59:13.922814;21:59:14.121382;0;0.1;20;2;500;50
0.711214;M093;8;0;0;0;2020-07-04 21:59:14.093949;21:59:14.805163;0;0.1;20;2;500;50
0.636019;M131;9;0;0;1;2020-07-04 21:59:14.812901;21:59:15.448920;0;0.1;20;2;500;50
0.102278;M159;8;0;0;0;2020-07-04 21:59:22.699445;21:59:22.801723;0;0.1;20;2;500;50
0.516145;M178;8;0;0;0;2020-07-04 21:59:24.722505;21:59:25.238650;0;0.1;20;2;500;50
0.247632;M223;9;0;0;1;2020-07-04 21:59:26.171690;21:59:26.419322;0;0.1;20;2;500;50
0.897534;M195;8;0;0;0;2020-07-04 21:59:27.215436;21:59:28.112970;0;0.1;20;2;500;50
0.645218;M233;9;0;0;1;2020-07-04 21:59:27.467752;21:59:28.112970;0;0.1;20;2;500;50
0.591141;M196;8;0;0;0;2020-07-04 21:59:27.521829;21:59:28.112970;0;0.1;20;2;500;50
0.698255;M245;9;0;0;1;2020-07-04 21:59:28.945577;21:59:29.643832;0;0.1;20;2;500;50
0.215938;M293;8;0;0;0;2020-07-04 21:59:42.161512;21:59:42.377450;0;0.1;20;2;500;50
0.17067;M328;8;0;0;0;2020-07-04 21:59:45.544652;21:59:45.715322;0;0.1;20;2;500;50
0.687616;M341;8;0;0;0;2020-07-04 21:59:46.849368;21:59:47.536984;0;0.1;20;2;500;50
0.285231;M375;8;0;0;0;2020-07-04 21:59:51.120447;21:59:51.405678;0;0.1;20;2;500;50
0.592016;M383;8;0;0;0;2020-07-04 21:59:51.843843;21:59:52.435859;0;0.1;20;2;500;50
0.554033;M461;9;0;0;1;2020-07-04 21:59:56.532766;21:59:57.086799;0;0.1;20;2;500;50
0.803264;M471;9;0;0;1;2020-07-04 21:59:57.814330;21:59:58.617594;0;0.1;20;2;500;50
0.601308;M487;9;0;0;1;2020-07-04 22:00:00.015831;22:00:00.617139;0;0.1;20;2;500;50
0.495279;M453;8;0;0;0;2020-07-04 22:00:04.148151;22:00:04.643430;0;0.1;20;2;500;50
1.28299;M474;8;0;0;0;2020-07-04 22:00:07.209689;22:00:08.492679;0;0.1;20;2;500;50
0.374983;M090;9;0;0;1;2020-07-04 21:59:10.344219;21:59:10.719202;0;0.1;20;2;500;50
0.110238;M093;9;0;0;1;2020-07-04 21:59:10.608964;21:59:10.719202;0;0.1;20;2;500;50
0.261559;M100;9;0;0;1;2020-07-04 21:59:11.478101;21:59:11.739660;0;0.1;20;2;500;50
0.63385;M116;9;0;0;1;2020-07-04 21:59:12.906135;21:59:13.539985;0;0.1;20;2;500;50
0.373909;M125;9;0;0;1;2020-07-04 21:59:13.747473;21:59:14.121382;0;0.1;20;2;500;50
0.60601;M152;9;0;0;1;2020-07-04 21:59:16.670513;21:59:17.276523;0;0.1;20;2;500;50
0.811328;M126;8;0;0;0;2020-07-04 21:59:18.433485;21:59:19.244813;0;0.1;20;2;500;50
0.270988;M171;9;0;0;1;2020-07-04 21:59:18.973825;21:59:19.244813;0;0.1;20;2;500;50
0.36229;M255;9;0;0;1;2020-07-04 21:59:30.531774;21:59:30.894064;0;0.1;20;2;500;50
0.088802;M274;9;0;0;1;2020-07-04 21:59:32.671483;21:59:32.760285;0;0.1;20;2;500;50
0.233408;M225;8;0;0;0;2020-07-04 21:59:33.321916;21:59:33.555324;0;0.1;20;2;500;50
0.484211;M233;8;0;0;0;2020-07-04 21:59:33.945908;21:59:34.430119;0;0.1;20;2;500;50
0.427299;M262;8;0;0;0;2020-07-04 21:59:38.639600;21:59:39.066899;0;0.1;20;2;500;50
0.415282;M313;8;0;0;0;2020-07-04 21:59:44.162865;21:59:44.578147;0;0.1;20;2;500;50
0.110435;M322;8;0;0;0;2020-07-04 21:59:45.077066;21:59:45.187501;0;0.1;20;2;500;50
0.319699;M338;8;0;0;0;2020-07-04 21:59:46.483080;21:59:46.802779;0;0.1;20;2;500;50
0.231634;M367;8;0;0;0;2020-07-04 21:59:49.968117;21:59:50.199751;0;0.1;20;2;500;50
0.617555;M373;8;0;0;0;2020-07-04 21:59:50.788123;21:59:51.405678;0;0.1;20;2;500;50
0.527114;M462;9;0;0;1;2020-07-04 21:59:56.559685;21:59:57.086799;0;0.1;20;2;500;50
0.202049;M427;8;0;0;0;2020-07-04 22:00:00.415090;22:00:00.617139;0;0.1;20;2;500;50
1.0466;M449;8;0;0;0;2020-07-04 22:00:03.596830;22:00:04.643430;0;0.1;20;2;500;50
0.467093;M038;9;0;0;1;2020-07-04 21:59:04.083805;21:59:04.550898;0;0.1;20;2;500;50
0.356694;M055;9;0;0;1;2020-07-04 21:59:06.510606;21:59:06.867300;0;0.1;20;2;500;50
0.267702;M082;9;0;0;1;2020-07-04 21:59:08.768973;21:59:09.036675;0;0.1;20;2;500;50
0.477735;M154;9;0;0;1;2020-07-04 21:59:16.798788;21:59:17.276523;0;0.1;20;2;500;50
0.371089;M119;8;0;0;0;2020-07-04 21:59:17.421403;21:59:17.792492;0;0.1;20;2;500;50
0.631308;M122;8;0;0;0;2020-07-04 21:59:17.848061;21:59:18.479369;0;0.1;20;2;500;50
0.220463;M174;9;0;0;1;2020-07-04 21:59:19.492997;21:59:19.713460;0;0.1;20;2;500;50
0.679694;M142;8;0;0;0;2020-07-04 21:59:20.473061;21:59:21.152755;0;0.1;20;2;500;50
0.259393;M149;8;0;0;0;2020-07-04 21:59:21.848205;21:59:22.107598;0;0.1;20;2;500;50
0.217418;M213;9;0;0;1;2020-07-04 21:59:25.021232;21:59:25.238650;0;0.1;20;2;500;50
0.37119;M214;9;0;0;1;2020-07-04 21:59:25.360374;21:59:25.731564;0;0.1;20;2;500;50
0.584132;M197;8;0;0;0;2020-07-04 21:59:28.200534;21:59:28.784666;0;0.1;20;2;500;50
0.167057;M206;8;0;0;0;2020-07-04 21:59:30.168005;21:59:30.335062;0;0.1;20;2;500;50
0.680606;M212;8;0;0;0;2020-07-04 21:59:30.889687;21:59:31.570293;0;0.1;20;2;500;50
0.653553;M306;9;0;0;1;2020-07-04 21:59:37.384860;21:59:38.038413;0;0.1;20;2;500;50
0.382785;M323;9;0;0;1;2020-07-04 21:59:39.628034;21:59:40.010819;0;0.1;20;2;500;50
0.694225;M382;9;0;0;1;2020-07-04 21:59:46.108554;21:59:46.802779;0;0.1;20;2;500;50
0.279447;M354;8;0;0;0;2020-07-04 21:59:48.988916;21:59:49.268363;0;0.1;20;2;500;50
0.297321;M370;8;0;0;0;2020-07-04 21:59:50.491440;21:59:50.788761;0;0.1;20;2;500;50
0.354727;M374;8;0;0;0;2020-07-04 21:59:51.050951;21:59:51.405678;0;0.1;20;2;500;50
0.688198;M452;9;0;0;1;2020-07-04 21:59:55.670669;21:59:56.358867;0;0.1;20;2;500;50
0.525244;M464;9;0;0;1;2020-07-04 21:59:57.264838;21:59:57.790082;0;0.1;20;2;500;50
0.09012;M479;9;0;0;1;2020-07-04 21:59:59.185534;21:59:59.275654;0;0.1;20;2;500;50
0.247138;M423;8;0;0;0;2020-07-04 21:59:59.575265;21:59:59.822403;0;0.1;20;2;500;50
0.83446;M424;8;0;0;0;2020-07-04 21:59:59.782679;22:00:00.617139;0;0.1;20;2;500;50
1.317189;M473;8;0;0;0;2020-07-04 22:00:07.175490;22:00:08.492679;0;0.1;20;2;500;50
0.430264;M021;9;0;0;1;2020-07-04 21:59:02.261640;21:59:02.691904;0;0.1;20;2;500;50
0.134269;M029;9;0;0;1;2020-07-04 21:59:03.253929;21:59:03.388198;0;0.1;20;2;500;50
0.140621;M077;8;0;0;0;2020-07-04 21:59:11.599039;21:59:11.739660;0;0.1;20;2;500;50
0.181246;M104;9;0;0;1;2020-07-04 21:59:12.075465;21:59:12.256711;0;0.1;20;2;500;50
0.658287;M115;9;0;0;1;2020-07-04 21:59:12.881698;21:59:13.539985;0;0.1;20;2;500;50
0.505092;M123;9;0;0;1;2020-07-04 21:59:13.616290;21:59:14.121382;0;0.1;20;2;500;50
0.105172;M181;9;0;0;1;2020-07-04 21:59:20.344663;21:59:20.449835;0;0.1;20;2;500;50
0.083442;M141;8;0;0;0;2020-07-04 21:59:20.366393;21:59:20.449835;0;0.1;20;2;500;50
0.528396;M183;9;0;0;1;2020-07-04 21:59:20.624359;21:59:21.152755;0;0.1;20;2;500;50
0.082995;M194;8;0;0;0;2020-07-04 21:59:27.158245;21:59:27.241240;0;0.1;20;2;500;50
0.698682;M204;8;0;0;0;2020-07-04 21:59:29.636380;21:59:30.335062;0;0.1;20;2;500;50
0.239434;M293;9;0;0;1;2020-07-04 21:59:34.859936;21:59:35.099370;0;0.1;20;2;500;50
0.127763;M307;9;0;0;1;2020-07-04 21:59:37.910650;21:59:38.038413;0;0.1;20;2;500;50
0.080252;M321;9;0;0;1;2020-07-04 21:59:39.455291;21:59:39.535543;0;0.1;20;2;500;50
0.247493;M351;9;0;0;1;2020-07-04 21:59:42.704133;21:59:42.951626;0;0.1;20;2;500;50
0.514848;M312;8;0;0;0;2020-07-04 21:59:44.063299;21:59:44.578147;0;0.1;20;2;500;50
0.397102;M366;9;0;0;1;2020-07-04 21:59:44.181045;21:59:44.578147;0;0.1;20;2;500;50
0.508803;M317;8;0;0;0;2020-07-04 21:59:44.678698;21:59:45.187501;0;0.1;20;2;500;50
0.080877;M349;8;0;0;0;2020-07-04 21:59:48.080965;21:59:48.161842;0;0.1;20;2;500;50
0.173273;M428;8;0;0;0;2020-07-04 22:00:00.443866;22:00:00.617139;0;0.1;20;2;500;50
0.785585;M491;9;0;0;1;2020-07-04 22:00:00.632198;22:00:01.417783;0;0.1;20;2;500;50
0.26106;M480;8;0;0;0;2020-07-04 22:00:08.231619;22:00:08.492679;0;0.1;20;2;500;50
0.410587;M016;8;0;0;0;2020-07-04 21:59:02.977611;21:59:03.388198;0;0.1;20;2;500;50
0.431842;M047;9;0;0;1;2020-07-04 21:59:05.714996;21:59:06.146838;0;0.1;20;2;500;50
0.475535;M042;8;0;0;0;2020-07-04 21:59:07.624600;21:59:08.100135;0;0.1;20;2;500;50
0.211459;M057;8;0;0;0;2020-07-04 21:59:09.418815;21:59:09.630274;0;0.1;20;2;500;50
0.357882;M087;9;0;0;1;2020-07-04 21:59:09.826880;21:59:10.184762;0;0.1;20;2;500;50
0.416183;M119;9;0;0;1;2020-07-04 21:59:13.121814;21:59:13.537997;0;0.1;20;2;500;50
0.096552;M143;9;0;0;1;2020-07-04 21:59:15.961507;21:59:16.058059;0;0.1;20;2;500;50
0.407806;M163;9;0;0;1;2020-07-04 21:59:18.071563;21:59:18.479369;0;0.1;20;2;500;50
0.135834;M174;8;0;0;0;2020-07-04 21:59:24.446719;21:59:24.582553;0;0.1;20;2;500;50
0.128645;M294;8;0;0;0;2020-07-04 21:59:42.248805;21:59:42.377450;0;0.1;20;2;500;50
0.148568;M362;9;0;0;1;2020-07-04 21:59:43.955448;21:59:44.104016;0;0.1;20;2;500;50
0.62041;M342;8;0;0;0;2020-07-04 21:59:46.916574;21:59:47.536984;0;0.1;20;2;500;50
0.356648;M398;9;0;0;1;2020-07-04 21:59:49.326322;21:59:49.682970;0;0.1;20;2;500;50
0.217478;M421;9;0;0;1;2020-07-04 21:59:51.188200;21:59:51.405678;0;0.1;20;2;500;50
0.177297;M381;8;0;0;0;2020-07-04 21:59:51.662899;21:59:51.840196;0;0.1;20;2;500;50
0.336503;M473;9;0;0;1;2020-07-04 21:59:58.281091;21:59:58.617594;0;0.1;20;2;500;50
0.169682;M034;9;0;0;1;2020-07-04 21:59:03.865374;21:59:04.035056;0;0.1;20;2;500;50
0.174479;M040;8;0;0;0;2020-07-04 21:59:07.264127;21:59:07.438606;0;0.1;20;2;500;50
0.452097;M073;9;0;0;1;2020-07-04 21:59:08.069422;21:59:08.521519;0;0.1;20;2;500;50
0.52495;M055;8;0;0;0;2020-07-04 21:59:09.105324;21:59:09.630274;0;0.1;20;2;500;50
0.11535;M063;8;0;0;0;2020-07-04 21:59:10.069412;21:59:10.184762;0;0.1;20;2;500;50
0.165624;M127;9;0;0;1;2020-07-04 21:59:13.955758;21:59:14.121382;0;0.1;20;2;500;50
0.371631;M268;8;0;0;0;2020-07-04 21:59:39.163912;21:59:39.535543;0;0.1;20;2;500;50
0.22151;M270;8;0;0;0;2020-07-04 21:59:39.314033;21:59:39.535543;0;0.1;20;2;500;50
0.487032;M271;8;0;0;0;2020-07-04 21:59:39.523787;21:59:40.010819;0;0.1;20;2;500;50
0.380498;M335;9;0;0;1;2020-07-04 21:59:40.812978;21:59:41.193476;0;0.1;20;2;500;50
0.580131;M354;9;0;0;1;2020-07-04 21:59:42.949465;21:59:43.529596;0;0.1;20;2;500;50
0.462909;M319;8;0;0;0;2020-07-04 21:59:44.724592;21:59:45.187501;0;0.1;20;2;500;50
0.489918;M336;8;0;0;0;2020-07-04 21:59:46.312861;21:59:46.802779;0;0.1;20;2;500;50
0.384602;M395;9;0;0;1;2020-07-04 21:59:48.883761;21:59:49.268363;0;0.1;20;2;500;50
0.65551;M372;8;0;0;0;2020-07-04 21:59:50.750168;21:59:51.405678;0;0.1;20;2;500;50
0.768803;M401;8;0;0;0;2020-07-04 21:59:54.976732;21:59:55.745535;0;0.1;20;2;500;50
0.35487;M418;8;0;0;0;2020-07-04 21:59:58.262724;21:59:58.617594;0;0.1;20;2;500;50
0.364706;M005;9;0;0;1;2020-07-04 21:59:00.058919;21:59:00.423625;0;0.1;20;2;500;50
0.612116;M009;8;0;0;0;2020-07-04 21:59:02.082828;21:59:02.694944;0;0.1;20;2;500;50
0.08978;M036;9;0;0;1;2020-07-04 21:59:03.945276;21:59:04.035056;0;0.1;20;2;500;50
0.516371;M046;9;0;0;1;2020-07-04 21:59:05.630467;21:59:06.146838;0;0.1;20;2;500;50
0.364105;M054;9;0;0;1;2020-07-04 21:59:06.503195;21:59:06.867300;0;0.1;20;2;500;50
0.213503;M084;9;0;0;1;2020-07-04 21:59:08.823172;21:59:09.036675;0;0.1;20;2;500;50
0.36734;M060;8;0;0;0;2020-07-04 21:59:09.817422;21:59:10.184762;0;0.1;20;2;500;50
0.156992;M074;8;0;0;0;2020-07-04 21:59:11.142145;21:59:11.299137;0;0.1;20;2;500;50
0.501875;M081;8;0;0;0;2020-07-04 21:59:11.754836;21:59:12.256711;0;0.1;20;2;500;50
0.124343;M114;9;0;0;1;2020-07-04 21:59:12.764404;21:59:12.888747;0;0.1;20;2;500;50
0.196911;M103;8;0;0;0;2020-07-04 21:59:15.861148;21:59:16.058059;0;0.1;20;2;500;50
0.41056;M188;9;0;0;1;2020-07-04 21:59:21.148628;21:59:21.559188;0;0.1;20;2;500;50
0.140128;M201;9;0;0;1;2020-07-04 21:59:23.318054;21:59:23.458182;0;0.1;20;2;500;50
0.402087;M300;9;0;0;1;2020-07-04 21:59:35.289143;21:59:35.691230;0;0.1;20;2;500;50
0.08159;M432;9;0;0;1;2020-07-04 21:59:51.758606;21:59:51.840196;0;0.1;20;2;500;50
0.163191;M438;9;0;0;1;2020-07-04 21:59:52.272668;21:59:52.435859;0;0.1;20;2;500;50
0.451417;M467;9;0;0;1;2020-07-04 21:59:57.338665;21:59:57.790082;0;0.1;20;2;500;50
0.675867;M474;9;0;0;1;2020-07-04 21:59:58.599787;21:59:59.275654;0;0.1;20;2;500;50
0.2557;M496;9;0;0;1;2020-07-04 22:00:01.160940;22:00:01.416640;0;0.1;20;2;500;50
0.703061;M498;9;0;0;1;2020-07-04 22:00:01.435631;22:00:02.138692;0;0.1;20;2;500;50
0.534713;M002;9;0;0;1;2020-07-04 21:58:59.882979;21:59:00.417692;0;0.1;20;2;500;50
0.459823;M004;9;0;0;1;2020-07-04 21:58:59.962806;21:59:00.422629;0;0.1;20;2;500;50
0.471996;M042;9;0;0;1;2020-07-04 21:59:04.927965;21:59:05.399961;0;0.1;20;2;500;50
0.252072;M051;9;0;0;1;2020-07-04 21:59:05.894766;21:59:06.146838;0;0.1;20;2;500;50
0.104039;M037;8;0;0;0;2020-07-04 21:59:06.763261;21:59:06.867300;0;0.1;20;2;500;50
0.480251;M148;8;0;0;0;2020-07-04 21:59:21.627347;21:59:22.107598;0;0.1;20;2;500;50
0.433592;M165;8;0;0;0;2020-07-04 21:59:23.602214;21:59:24.035806;0;0.1;20;2;500;50
0.512156;M205;8;0;0;0;2020-07-04 21:59:29.822906;21:59:30.335062;0;0.1;20;2;500;50
0.28326;M267;9;0;0;1;2020-07-04 21:59:31.852173;21:59:32.135433;0;0.1;20;2;500;50
0.507163;M291;9;0;0;1;2020-07-04 21:59:34.592207;21:59:35.099370;0;0.1;20;2;500;50
0.702995;M302;9;0;0;1;2020-07-04 21:59:35.854486;21:59:36.557481;0;0.1;20;2;500;50
0.243945;M275;8;0;0;0;2020-07-04 21:59:39.766874;21:59:40.010819;0;0.1;20;2;500;50
0.303959;M346;9;0;0;1;2020-07-04 21:59:42.073491;21:59:42.377450;0;0.1;20;2;500;50
0.144936;M352;9;0;0;1;2020-07-04 21:59:42.806690;21:59:42.951626;0;0.1;20;2;500;50
0.544261;M426;8;0;0;0;2020-07-04 22:00:00.072878;22:00:00.617139;0;0.1;20;2;500;50
0.234892;M492;8;0;0;0;2020-07-04 22:00:09.601857;22:00:09.836749;0;0.1;20;2;500;50
1.080946;M497;8;0;0;0;2020-07-04 22:00:10.364399;22:00:11.445345;0;0.1;20;2;500;50
0.212103;M091;9;0;0;1;2020-07-04 21:59:10.507099;21:59:10.719202;0;0.1;20;2;500;50
0.094706;M103;9;0;0;1;2020-07-04 21:59:11.644954;21:59:11.739660;0;0.1;20;2;500;50
0.545177;M098;8;0;0;0;2020-07-04 21:59:14.903743;21:59:15.448920;0;0.1;20;2;500;50
0.431067;M133;9;0;0;1;2020-07-04 21:59:15.017853;21:59:15.448920;0;0.1;20;2;500;50
0.562645;M113;8;0;0;0;2020-07-04 21:59:16.713878;21:59:17.276523;0;0.1;20;2;500;50
0.470701;M178;9;0;0;1;2020-07-04 21:59:19.979134;21:59:20.449835;0;0.1;20;2;500;50
0.404679;M145;8;0;0;0;2020-07-04 21:59:21.154509;21:59:21.559188;0;0.1;20;2;500;50
0.387989;M221;9;0;0;1;2020-07-04 21:59:26.031333;21:59:26.419322;0;0.1;20;2;500;50
0.535179;M235;9;0;0;1;2020-07-04 21:59:27.577791;21:59:28.112970;0;0.1;20;2;500;50
0.509315;M236;9;0;0;1;2020-07-04 21:59:27.603655;21:59:28.112970;0;0.1;20;2;500;50
0.331118;M240;9;0;0;1;2020-07-04 21:59:28.453548;21:59:28.784666;0;0.1;20;2;500;50
0.164934;M374;9;0;0;1;2020-07-04 21:59:45.022567;21:59:45.187501;0;0.1;20;2;500;50
0.478722;M330;8;0;0;0;2020-07-04 21:59:45.705400;21:59:46.184122;0;0.1;20;2;500;50
0.395493;M359;8;0;0;0;2020-07-04 21:59:49.287477;21:59:49.682970;0;0.1;20;2;500;50
0.460122;M413;9;0;0;1;2020-07-04 21:59:50.328639;21:59:50.788761;0;0.1;20;2;500;50
0.278424;M415;9;0;0;1;2020-07-04 21:59:50.510337;21:59:50.788761;0;0.1;20;2;500;50
0.379245;M435;9;0;0;1;2020-07-04 21:59:52.056614;21:59:52.435859;0;0.1;20;2;500;50
0.324195;M395;8;0;0;0;2020-07-04 21:59:53.781915;21:59:54.106110;0;0.1;20;2;500;50
0.19004;M444;9;0;0;1;2020-07-04 21:59:53.916070;21:59:54.106110;0;0.1;20;2;500;50
0.431794;M476;9;0;0;1;2020-07-04 21:59:58.843860;21:59:59.275654;0;0.1;20;2;500;50
0.446322;M436;8;0;0;0;2020-07-04 22:00:01.692370;22:00:02.138692;0;0.1;20;2;500;50
0.388717;M469;8;0;0;0;2020-07-04 22:00:06.791836;22:00:07.180553;0;0.1;20;2;500;50
0.342973;M491;8;0;0;0;2020-07-04 22:00:09.493776;22:00:09.836749;0;0.1;20;2;500;50
0.257134;M005;8;0;0;0;2020-07-04 21:59:01.658233;21:59:01.915367;0;0.1;20;2;500;50
0.434156;M045;8;0;0;0;2020-07-04 21:59:08.087363;21:59:08.521519;0;0.1;20;2;500;50
0.148857;M053;8;0;0;0;2020-07-04 21:59:08.887818;21:59:09.036675;0;0.1;20;2;500;50
0.228703;M096;9;0;0;1;2020-07-04 21:59:11.068213;21:59:11.296916;0;0.1;20;2;500;50
0.269232;M128;9;0;0;1;2020-07-04 21:59:14.535931;21:59:14.805163;0;0.1;20;2;500;50
0.152612;M130;9;0;0;1;2020-07-04 21:59:14.652551;21:59:14.805163;0;0.1;20;2;500;50
0.339077;M123;8;0;0;0;2020-07-04 21:59:18.140292;21:59:18.479369;0;0.1;20;2;500;50
0.630668;M153;8;0;0;0;2020-07-04 21:59:22.171055;21:59:22.801723;0;0.1;20;2;500;50
0.089371;M248;9;0;0;1;2020-07-04 21:59:29.554461;21:59:29.643832;0;0.1;20;2;500;50
0.164979;M257;9;0;0;1;2020-07-04 21:59:30.729085;21:59:30.894064;0;0.1;20;2;500;50
0.548063;M215;8;0;0;0;2020-07-04 21:59:31.587370;21:59:32.135433;0;0.1;20;2;500;50
0.199189;M244;8;0;0;0;2020-07-04 21:59:35.492041;21:59:35.691230;0;0.1;20;2;500;50
0.587578;M260;8;0;0;0;2020-07-04 21:59:38.479321;21:59:39.066899;0;0.1;20;2;500;50
0.459584;M302;8;0;0;0;2020-07-04 21:59:43.070012;21:59:43.529596;0;0.1;20;2;500;50
0.188859;M356;8;0;0;0;2020-07-04 21:59:49.079504;21:59:49.268363;0;0.1;20;2;500;50
0.120998;M442;9;0;0;1;2020-07-04 21:59:53.047842;21:59:53.168840;0;0.1;20;2;500;50
0.37208;M479;8;0;0;0;2020-07-04 22:00:08.120599;22:00:08.492679;0;0.1;20;2;500;50
1.138185;M496;8;0;0;0;2020-07-04 22:00:10.306078;22:00:11.444263;0;0.1;20;2;500;50
0.357687;M068;9;0;0;1;2020-07-04 21:59:07.742448;21:59:08.100135;0;0.1;20;2;500;50
0.203966;M052;8;0;0;0;2020-07-04 21:59:08.832709;21:59:09.036675;0;0.1;20;2;500;50
0.417429;M124;9;0;0;1;2020-07-04 21:59:13.703953;21:59:14.121382;0;0.1;20;2;500;50
0.134148;M138;8;0;0;0;2020-07-04 21:59:19.579312;21:59:19.713460;0;0.1;20;2;500;50
0.640173;M182;9;0;0;1;2020-07-04 21:59:20.512582;21:59:21.152755;0;0.1;20;2;500;50
0.079571;M151;8;0;0;0;2020-07-04 21:59:22.028027;21:59:22.107598;0;0.1;20;2;500;50
0.140066;M207;9;0;0;1;2020-07-04 21:59:23.895740;21:59:24.035806;0;0.1;20;2;500;50
0.277077;M215;9;0;0;1;2020-07-04 21:59:25.454487;21:59:25.731564;0;0.1;20;2;500;50
0.828533;M200;8;0;0;0;2020-07-04 21:59:28.815299;21:59:29.643832;0;0.1;20;2;500;50
0.392738;M263;8;0;0;0;2020-07-04 21:59:38.674161;21:59:39.066899;0;0.1;20;2;500;50
0.153425;M265;8;0;0;0;2020-07-04 21:59:38.913474;21:59:39.066899;0;0.1;20;2;500;50
0.341776;M328;9;0;0;1;2020-07-04 21:59:40.221094;21:59:40.562870;0;0.1;20;2;500;50
0.354065;M303;8;0;0;0;2020-07-04 21:59:43.175531;21:59:43.529596;0;0.1;20;2;500;50
0.318748;M385;9;0;0;1;2020-07-04 21:59:46.484031;21:59:46.802779;0;0.1;20;2;500;50
0.260622;M400;9;0;0;1;2020-07-04 21:59:49.422348;21:59:49.682970;0;0.1;20;2;500;50
0.204431;M422;9;0;0;1;2020-07-04 21:59:51.201247;21:59:51.405678;0;0.1;20;2;500;50
0.148939;M424;9;0;0;1;2020-07-04 21:59:51.256739;21:59:51.405678;0;0.1;20;2;500;50
0.166576;M497;9;0;0;1;2020-07-04 22:00:01.250064;22:00:01.416640;0;0.1;20;2;500;50
0.655271;M018;9;0;0;1;2020-07-04 21:59:02.039673;21:59:02.694944;0;0.1;20;2;500;50
0.570286;M020;9;0;0;1;2020-07-04 21:59:02.123660;21:59:02.693946;0;0.1;20;2;500;50
0.366366;M035;8;0;0;0;2020-07-04 21:59:06.500934;21:59:06.867300;0;0.1;20;2;500;50
0.322041;M046;8;0;0;0;2020-07-04 21:59:08.199478;21:59:08.521519;0;0.1;20;2;500;50
0.168919;M076;9;0;0;1;2020-07-04 21:59:08.352600;21:59:08.521519;0;0.1;20;2;500;50
0.520154;M167;9;0;0;1;2020-07-04 21:59:18.724659;21:59:19.244813;0;0.1;20;2;500;50
0.126233;M197;9;0;0;1;2020-07-04 21:59:22.675490;21:59:22.801723;0;0.1;20;2;500;50
0.369308;M166;8;0;0;0;2020-07-04 21:59:23.666498;21:59:24.035806;0;0.1;20;2;500;50
0.410201;M220;9;0;0;1;2020-07-04 21:59:26.009121;21:59:26.419322;0;0.1;20;2;500;50
0.293759;M284;9;0;0;1;2020-07-04 21:59:34.136360;21:59:34.430119;0;0.1;20;2;500;50
0.208084;M258;8;0;0;0;2020-07-04 21:59:38.314591;21:59:38.522675;0;0.1;20;2;500;50
0.460254;M337;8;0;0;0;2020-07-04 21:59:46.342525;21:59:46.802779;0;0.1;20;2;500;50
0.212902;M363;8;0;0;0;2020-07-04 21:59:49.470068;21:59:49.682970;0;0.1;20;2;500;50
0.271942;M366;8;0;0;0;2020-07-04 21:59:49.928914;21:59:50.200856;0;0.1;20;2;500;50
0.392684;M420;9;0;0;1;2020-07-04 21:59:51.012994;21:59:51.405678;0;0.1;20;2;500;50
0.267205;M436;9;0;0;1;2020-07-04 21:59:52.168654;21:59:52.435859;0;0.1;20;2;500;50
0.51316;M439;9;0;0;1;2020-07-04 21:59:52.655680;21:59:53.168840;0;0.1;20;2;500;50
0.334542;M389;8;0;0;0;2020-07-04 21:59:52.834298;21:59:53.168840;0;0.1;20;2;500;50
0.611939;M451;9;0;0;1;2020-07-04 21:59:55.133596;21:59:55.745535;0;0.1;20;2;500;50
0.162604;M412;8;0;0;0;2020-07-04 21:59:56.196263;21:59:56.358867;0;0.1;20;2;500;50
0.085326;M469;9;0;0;1;2020-07-04 21:59:57.704756;21:59:57.790082;0;0.1;20;2;500;50
0.554347;M480;9;0;0;1;2020-07-04 21:59:59.268056;21:59:59.822403;0;0.1;20;2;500;50
0.764384;M485;9;0;0;1;2020-07-04 21:59:59.852755;22:00:00.617139;0;0.1;20;2;500;50
1.261957;M475;8;0;0;0;2020-07-04 22:00:07.230722;22:00:08.492679;0;0.1;20;2;500;50
0.413037;M020;8;0;0;0;2020-07-04 21:59:03.624985;21:59:04.038022;0;0.1;20;2;500;50
0.135796;M078;9;0;0;1;2020-07-04 21:59:08.385723;21:59:08.521519;0;0.1;20;2;500;50
0.108477;M049;8;0;0;0;2020-07-04 21:59:08.413042;21:59:08.521519;0;0.1;20;2;500;50
0.66577;M094;8;0;0;0;2020-07-04 21:59:14.139393;21:59:14.805163;0;0.1;20;2;500;50
0.294988;M102;8;0;0;0;2020-07-04 21:59:15.763071;21:59:16.058059;0;0.1;20;2;500;50
0.702842;M198;9;0;0;1;2020-07-04 21:59:22.755340;21:59:23.458182;0;0.1;20;2;500;50
0.254031;M172;8;0;0;0;2020-07-04 21:59:24.328522;21:59:24.582553;0;0.1;20;2;500;50
0.598606;M177;8;0;0;0;2020-07-04 21:59:24.640044;21:59:25.238650;0;0.1;20;2;500;50
0.086923;M182;8;0;0;0;2020-07-04 21:59:25.151727;21:59:25.238650;0;0.1;20;2;500;50
0.728368;M188;8;0;0;0;2020-07-04 21:59:25.690954;21:59:26.419322;0;0.1;20;2;500;50
0.653115;M222;8;0;0;0;2020-07-04 21:59:32.902209;21:59:33.555324;0;0.1;20;2;500;50
0.537455;M296;9;0;0;1;2020-07-04 21:59:35.153775;21:59:35.691230;0;0.1;20;2;500;50
0.277536;M269;8;0;0;0;2020-07-04 21:59:39.258007;21:59:39.535543;0;0.1;20;2;500;50
0.267317;M306;8;0;0;0;2020-07-04 21:59:43.836699;21:59:44.104016;0;0.1;20;2;500;50
0.368082;M387;8;0;0;0;2020-07-04 21:59:52.067777;21:59:52.435859;0;0.1;20;2;500;50
0.468836;M454;8;0;0;0;2020-07-04 22:00:04.174594;22:00:04.643430;0;0.1;20;2;500;50
0.206988;M018;8;0;0;0;2020-07-04 21:59:03.181210;21:59:03.388198;0;0.1;20;2;500;50
0.110376;M044;8;0;0;0;2020-07-04 21:59:07.989759;21:59:08.100135;0;0.1;20;2;500;50
0.32887;M098;9;0;0;1;2020-07-04 21:59:11.410790;21:59:11.739660;0;0.1;20;2;500;50
0.260881;M084;8;0;0;0;2020-07-04 21:59:11.995830;21:59:12.256711;0;0.1;20;2;500;50
0.103531;M106;9;0;0;1;2020-07-04 21:59:12.153180;21:59:12.256711;0;0.1;20;2;500;50
0.31445;M160;9;0;0;1;2020-07-04 21:59:17.478042;21:59:17.792492;0;0.1;20;2;500;50
0.237237;M129;8;0;0;0;2020-07-04 21:59:19.007576;21:59:19.244813;0;0.1;20;2;500;50
0.642088;M219;9;0;0;1;2020-07-04 21:59:25.777234;21:59:26.419322;0;0.1;20;2;500;50
0.676489;M229;9;0;0;1;2020-07-04 21:59:26.564751;21:59:27.241240;0;0.1;20;2;500;50
0.106603;M242;9;0;0;1;2020-07-04 21:59:28.678063;21:59:28.784666;0;0.1;20;2;500;50
0.540405;M214;8;0;0;0;2020-07-04 21:59:31.029888;21:59:31.570293;0;0.1;20;2;500;50
0.246857;M265;9;0;0;1;2020-07-04 21:59:31.323436;21:59:31.570293;0;0.1;20;2;500;50
0.659702;M218;8;0;0;0;2020-07-04 21:59:32.100583;21:59:32.760285;0;0.1;20;2;500;50
0.20148;M304;8;0;0;0;2020-07-04 21:59:43.328116;21:59:43.529596;0;0.1;20;2;500;50
0.531571;M384;9;0;0;1;2020-07-04 21:59:46.271208;21:59:46.802779;0;0.1;20;2;500;50
0.229772;M392;9;0;0;1;2020-07-04 21:59:48.399242;21:59:48.629014;0;0.1;20;2;500;50
0.185106;M417;9;0;0;1;2020-07-04 21:59:50.603655;21:59:50.788761;0;0.1;20;2;500;50
0.093666;M449;9;0;0;1;2020-07-04 21:59:54.840375;21:59:54.934041;0;0.1;20;2;500;50
0.762559;M402;8;0;0;0;2020-07-04 21:59:54.982976;21:59:55.745535;0;0.1;20;2;500;50
0.223181;M471;8;0;0;0;2020-07-04 22:00:06.957372;22:00:07.180553;0;0.1;20;2;500;50
0.226672;M481;8;0;0;0;2020-07-04 22:00:08.266007;22:00:08.492679;0;0.1;20;2;500;50
1.505975;D000;8;1;0;0;2020-07-04 21:58:53.815770;21:58:55.321745;0;0.1;20;2;500;50
1.498852;D001;8;1;0;0;2020-07-04 21:58:53.822893;21:58:55.321745;0;0.1;20;2;500;50
1.48024;D000;9;1;0;1;2020-07-04 21:58:53.841505;21:58:55.321745;0;0.1;20;2;500;50
1.429793;D002;8;1;0;0;2020-07-04 21:58:53.890958;21:58:55.320751;0;0.1;20;2;500;50
1.088074;D001;9;1;0;1;2020-07-04 21:58:54.232677;21:58:55.320751;0;0.1;20;2;500;50
1.102211;D003;8;1;0;0;2020-07-04 21:58:54.218540;21:58:55.320751;0;0.1;20;2;500;50
1.052256;D002;9;1;0;1;2020-07-04 21:58:54.268495;21:58:55.320751;0;0.1;20;2;500;50
0.834346;D003;9;1;0;1;2020-07-04 21:58:54.487399;21:58:55.321745;0;0.1;20;2;500;50
0.703786;D004;8;1;0;0;2020-07-04 21:58:54.615961;21:58:55.319747;0;0.1;20;2;500;50
0.642297;D004;9;1;0;1;2020-07-04 21:58:54.677450;21:58:55.319747;0;0.1;20;2;500;50
0.531549;D005;9;1;0;1;2020-07-04 21:58:54.787398;21:58:55.318947;0;0.1;20;2;500;50
0.435469;D006;9;1;0;1;2020-07-04 21:58:54.884278;21:58:55.319747;0;0.1;20;2;500;50
0.390108;D005;8;1;0;0;2020-07-04 21:58:54.930643;21:58:55.320751;0;0.1;20;2;500;50
0.379243;D007;9;1;0;1;2020-07-04 21:58:54.940504;21:58:55.319747;0;0.1;20;2;500;50
0.352029;D008;9;1;0;1;2020-07-04 21:58:54.969716;21:58:55.321745;0;0.1;20;2;500;50
0.343479;D006;8;1;0;0;2020-07-04 21:58:54.977272;21:58:55.320751;0;0.1;20;2;500;50
0.301056;D007;8;1;0;0;2020-07-04 21:58:55.020689;21:58:55.321745;0;0.1;20;2;500;50
0.195633;D009;9;1;0;1;2020-07-04 21:58:55.124114;21:58:55.319747;0;0.1;20;2;500;50
0.183217;D008;8;1;0;0;2020-07-04 21:58:55.136530;21:58:55.319747;0;0.1;20;2;500;50
0.089502;D010;9;1;0;1;2020-07-04 21:58:55.231249;21:58:55.320751;0;0.1;20;2;500;50
0.755062;D011;9;1;0;1;2020-07-04 21:58:55.245871;21:58:56.000933;0;0.1;20;2;500;50
0.727864;D012;9;1;0;1;2020-07-04 21:58:55.273069;21:58:56.000933;0;0.1;20;2;500;50
0.654984;D013;9;1;0;1;2020-07-04 21:58:55.345949;21:58:56.000933;0;0.1;20;2;500;50
0.629812;D014;9;1;0;1;2020-07-04 21:58:55.371121;21:58:56.000933;0;0.1;20;2;500;50
0.548;D009;8;1;0;0;2020-07-04 21:58:55.437323;21:58:55.985323;0;0.1;20;2;500;50
0.538573;D015;9;1;0;1;2020-07-04 21:58:55.462360;21:58:56.000933;0;0.1;20;2;500;50
0.520827;D016;9;1;0;1;2020-07-04 21:58:55.480106;21:58:56.000933;0;0.1;20;2;500;50
0.463652;D017;9;1;0;1;2020-07-04 21:58:55.521671;21:58:55.985323;0;0.1;20;2;500;50
0.459099;D018;9;1;0;1;2020-07-04 21:58:55.541834;21:58:56.000933;0;0.1;20;2;500;50
0.45991;D010;8;1;0;0;2020-07-04 21:58:55.541023;21:58:56.000933;0;0.1;20;2;500;50
0.429635;D019;9;1;0;1;2020-07-04 21:58:55.555688;21:58:55.985323;0;0.1;20;2;500;50
0.437002;D020;9;1;0;1;2020-07-04 21:58:55.563931;21:58:56.000933;0;0.1;20;2;500;50
0.410074;D011;8;1;0;0;2020-07-04 21:58:55.590859;21:58:56.000933;0;0.1;20;2;500;50
0.394101;D012;8;1;0;0;2020-07-04 21:58:55.606832;21:58:56.000933;0;0.1;20;2;500;50
0.344269;D021;9;1;0;1;2020-07-04 21:58:55.656664;21:58:56.000933;0;0.1;20;2;500;50
0.269137;D013;8;1;0;0;2020-07-04 21:58:55.716186;21:58:55.985323;0;0.1;20;2;500;50
0.295939;D022;9;1;0;1;2020-07-04 21:58:55.704994;21:58:56.000933;0;0.1;20;2;500;50
0.167506;D023;9;1;0;1;2020-07-04 21:58:55.833427;21:58:56.000933;0;0.1;20;2;500;50
0.13236;D024;9;1;0;1;2020-07-04 21:58:55.868573;21:58:56.000933;0;0.1;20;2;500;50
0.094841;D025;9;1;0;1;2020-07-04 21:58:55.906092;21:58:56.000933;0;0.1;20;2;500;50
1.163089;D026;9;1;0;1;2020-07-04 21:58:55.918994;21:58:57.082083;0;0.1;20;2;500;50
1.120338;D014;8;1;0;0;2020-07-04 21:58:55.961745;21:58:57.082083;0;0.1;20;2;500;50
1.041386;D015;8;1;0;0;2020-07-04 21:58:56.040697;21:58:57.082083;0;0.1;20;2;500;50
1.024517;D016;8;1;0;0;2020-07-04 21:58:56.057566;21:58:57.082083;0;0.1;20;2;500;50
1.014803;D017;8;1;0;0;2020-07-04 21:58:56.067280;21:58:57.082083;0;0.1;20;2;500;50
0.992412;D018;8;1;0;0;2020-07-04 21:58:56.089671;21:58:57.082083;0;0.1;20;2;500;50
0.983468;D019;8;1;0;0;2020-07-04 21:58:56.098615;21:58:57.082083;0;0.1;20;2;500;50
0.926339;D027;9;1;0;1;2020-07-04 21:58:56.155744;21:58:57.082083;0;0.1;20;2;500;50
0.792193;D020;8;1;0;0;2020-07-04 21:58:56.289890;21:58:57.082083;0;0.1;20;2;500;50
0.74652;D028;9;1;0;1;2020-07-04 21:58:56.335563;21:58:57.082083;0;0.1;20;2;500;50
0.721316;D029;9;1;0;1;2020-07-04 21:58:56.360767;21:58:57.082083;0;0.1;20;2;500;50
0.677296;D021;8;1;0;0;2020-07-04 21:58:56.404787;21:58:57.082083;0;0.1;20;2;500;50
0.561967;D022;8;1;0;0;2020-07-04 21:58:56.520116;21:58:57.082083;0;0.1;20;2;500;50
0.386749;D023;8;1;0;0;2020-07-04 21:58:56.695334;21:58:57.082083;0;0.1;20;2;500;50
0.340418;D030;9;1;0;1;2020-07-04 21:58:56.741665;21:58:57.082083;0;0.1;20;2;500;50
0.266249;D031;9;1;0;1;2020-07-04 21:58:56.815834;21:58:57.082083;0;0.1;20;2;500;50
0.235251;D024;8;1;0;0;2020-07-04 21:58:56.846832;21:58:57.082083;0;0.1;20;2;500;50
0.20104;D032;9;1;0;1;2020-07-04 21:58:56.881043;21:58:57.082083;0;0.1;20;2;500;50
0.162785;D033;9;1;0;1;2020-07-04 21:58:56.919298;21:58:57.082083;0;0.1;20;2;500;50
0.093918;D034;9;1;0;1;2020-07-04 21:58:56.988165;21:58:57.082083;0;0.1;20;2;500;50
1.125088;D035;9;1;0;1;2020-07-04 21:58:57.082146;21:58:58.207234;0;0.1;20;2;500;50
1.040099;D025;8;1;0;0;2020-07-04 21:58:57.169127;21:58:58.209226;0;0.1;20;2;500;50
1.017703;D036;9;1;0;1;2020-07-04 21:58:57.189531;21:58:58.207234;0;0.1;20;2;500;50
0.936999;D037;9;1;0;1;2020-07-04 21:58:57.270235;21:58:58.207234;0;0.1;20;2;500;50
0.886613;D038;9;1;0;1;2020-07-04 21:58:57.321616;21:58:58.208229;0;0.1;20;2;500;50
0.839201;D039;9;1;0;1;2020-07-04 21:58:57.370025;21:58:58.209226;0;0.1;20;2;500;50
0.782605;D040;9;1;0;1;2020-07-04 21:58:57.425624;21:58:58.208229;0;0.1;20;2;500;50
0.588851;D026;8;1;0;0;2020-07-04 21:58:57.618383;21:58:58.207234;0;0.1;20;2;500;50
0.564899;D027;8;1;0;0;2020-07-04 21:58:57.641526;21:58:58.206425;0;0.1;20;2;500;50
0.528793;D028;8;1;0;0;2020-07-04 21:58:57.680433;21:58:58.209226;0;0.1;20;2;500;50
0.490706;D029;8;1;0;0;2020-07-04 21:58:57.716528;21:58:58.207234;0;0.1;20;2;500;50
0.450237;D041;9;1;0;1;2020-07-04 21:58:57.757992;21:58:58.208229;0;0.1;20;2;500;50
0.339835;D030;8;1;0;0;2020-07-04 21:58:57.866590;21:58:58.206425;0;0.1;20;2;500;50
0.245589;D031;8;1;0;0;2020-07-04 21:58:57.961645;21:58:58.207234;0;0.1;20;2;500;50
0.243335;D042;9;1;0;1;2020-07-04 21:58:57.964894;21:58:58.208229;0;0.1;20;2;500;50
0.171139;D043;9;1;0;1;2020-07-04 21:58:58.035286;21:58:58.206425;0;0.1;20;2;500;50
0.152833;D044;9;1;0;1;2020-07-04 21:58:58.055396;21:58:58.208229;0;0.1;20;2;500;50
0.141752;D045;9;1;0;1;2020-07-04 21:58:58.067474;21:58:58.209226;0;0.1;20;2;500;50
0.117593;D032;8;1;0;0;2020-07-04 21:58:58.090636;21:58:58.208229;0;0.1;20;2;500;50
0.066294;D046;9;1;0;1;2020-07-04 21:58:58.140131;21:58:58.206425;0;0.1;20;2;500;50
1.320676;D033;8;1;0;0;2020-07-04 21:58:58.343027;21:58:59.663703;0;0.1;20;2;500;50
1.288131;D047;9;1;0;1;2020-07-04 21:58:58.375572;21:58:59.663703;0;0.1;20;2;500;50
1.238835;D034;8;1;0;0;2020-07-04 21:58:58.425397;21:58:59.664232;0;0.1;20;2;500;50
1.196933;D035;8;1;0;0;2020-07-04 21:58:58.465772;21:58:59.662705;0;0.1;20;2;500;50
1.059626;D048;9;1;0;1;2020-07-04 21:58:58.603079;21:58:59.662705;0;0.1;20;2;500;50
0.99201;D049;9;1;0;1;2020-07-04 21:58:58.670695;21:58:59.662705;0;0.1;20;2;500;50
0.93868;D050;9;1;0;1;2020-07-04 21:58:58.725552;21:58:59.664232;0;0.1;20;2;500;50
0.857871;D036;8;1;0;0;2020-07-04 21:58:58.806361;21:58:59.664232;0;0.1;20;2;500;50
0.858358;D051;9;1;0;1;2020-07-04 21:58:58.805853;21:58:59.664211;0;0.1;20;2;500;50
0.769923;D037;8;1;0;0;2020-07-04 21:58:58.894309;21:58:59.664232;0;0.1;20;2;500;50
0.711619;D052;9;1;0;1;2020-07-04 21:58:58.952084;21:58:59.663703;0;0.1;20;2;500;50
0.669486;D053;9;1;0;1;2020-07-04 21:58:58.994217;21:58:59.663703;0;0.1;20;2;500;50
0.66289;D054;9;1;0;1;2020-07-04 21:58:59.001342;21:58:59.664232;0;0.1;20;2;500;50
0.556419;D038;8;1;0;0;2020-07-04 21:58:59.107813;21:58:59.664232;0;0.1;20;2;500;50
0.451901;D039;8;1;0;0;2020-07-04 21:58:59.210804;21:58:59.662705;0;0.1;20;2;500;50
0.290318;D055;9;1;0;1;2020-07-04 21:58:59.373914;21:58:59.664232;0;0.1;20;2;500;50
0.278437;D056;9;1;0;1;2020-07-04 21:58:59.385795;21:58:59.664232;0;0.1;20;2;500;50
0.215568;D057;9;1;0;1;2020-07-04 21:58:59.448664;21:58:59.664232;0;0.1;20;2;500;50
0.16636;D058;9;1;0;1;2020-07-04 21:58:59.497872;21:58:59.664232;0;0.1;20;2;500;50
0.093415;D059;9;1;0;1;2020-07-04 21:58:59.569290;21:58:59.662705;0;0.1;20;2;500;50
0.688689;D060;9;1;0;1;2020-07-04 21:58:59.729003;21:59:00.417692;0;0.1;20;2;500;50
0.649959;D040;8;1;0;0;2020-07-04 21:58:59.773666;21:59:00.423625;0;0.1;20;2;500;50
0.544367;D041;8;1;0;0;2020-07-04 21:58:59.875268;21:59:00.419635;0;0.1;20;2;500;50
0.507244;D061;9;1;0;1;2020-07-04 21:58:59.910448;21:59:00.417692;0;0.1;20;2;500;50
0.467776;D062;9;1;0;1;2020-07-04 21:58:59.955849;21:59:00.423625;0;0.1;20;2;500;50
0.409169;D063;9;1;0;1;2020-07-04 21:59:00.009468;21:59:00.418637;0;0.1;20;2;500;50
0.201262;D064;9;1;0;1;2020-07-04 21:59:00.216430;21:59:00.417692;0;0.1;20;2;500;50
0.179057;D065;9;1;0;1;2020-07-04 21:59:00.242580;21:59:00.421637;0;0.1;20;2;500;50
0.152611;D042;8;1;0;0;2020-07-04 21:59:00.271014;21:59:00.423625;0;0.1;20;2;500;50
0.092995;D066;9;1;0;1;2020-07-04 21:59:00.331635;21:59:00.424630;0;0.1;20;2;500;50
0.097626;D043;8;1;0;0;2020-07-04 21:59:00.323008;21:59:00.420634;0;0.1;20;2;500;50
0.606588;D044;8;1;0;0;2020-07-04 21:59:00.387321;21:59:00.993909;0;0.1;20;2;500;50
0.604886;D067;9;1;0;1;2020-07-04 21:59:00.389023;21:59:00.993909;0;0.1;20;2;500;50
0.540515;D068;9;1;0;1;2020-07-04 21:59:00.453394;21:59:00.993909;0;0.1;20;2;500;50
0.523968;D045;8;1;0;0;2020-07-04 21:59:00.469941;21:59:00.993909;0;0.1;20;2;500;50
0.442178;D069;9;1;0;1;2020-07-04 21:59:00.551731;21:59:00.993909;0;0.1;20;2;500;50
0.383913;D070;9;1;0;1;2020-07-04 21:59:00.609996;21:59:00.993909;0;0.1;20;2;500;50
0.373423;D046;8;1;0;0;2020-07-04 21:59:00.620486;21:59:00.993909;0;0.1;20;2;500;50
0.326353;D071;9;1;0;1;2020-07-04 21:59:00.667556;21:59:00.993909;0;0.1;20;2;500;50
0.293312;D072;9;1;0;1;2020-07-04 21:59:00.700597;21:59:00.993909;0;0.1;20;2;500;50
0.265881;D047;8;1;0;0;2020-07-04 21:59:00.728028;21:59:00.993909;0;0.1;20;2;500;50
0.154075;D048;8;1;0;0;2020-07-04 21:59:00.839834;21:59:00.993909;0;0.1;20;2;500;50
0.113807;D073;9;1;0;1;2020-07-04 21:59:00.880102;21:59:00.993909;0;0.1;20;2;500;50
0.081899;D049;8;1;0;0;2020-07-04 21:59:00.912010;21:59:00.993909;0;0.1;20;2;500;50
0.937327;D074;9;1;0;1;2020-07-04 21:59:00.978040;21:59:01.915367;0;0.1;20;2;500;50
0.799674;D075;9;1;0;1;2020-07-04 21:59:01.115693;21:59:01.915367;0;0.1;20;2;500;50
0.783257;D076;9;1;0;1;2020-07-04 21:59:01.132110;21:59:01.915367;0;0.1;20;2;500;50
0.678958;D077;9;1;0;1;2020-07-04 21:59:01.236409;21:59:01.915367;0;0.1;20;2;500;50
0.649419;D050;8;1;0;0;2020-07-04 21:59:01.265948;21:59:01.915367;0;0.1;20;2;500;50
0.538291;D078;9;1;0;1;2020-07-04 21:59:01.377076;21:59:01.915367;0;0.1;20;2;500;50
0.271377;D079;9;1;0;1;2020-07-04 21:59:01.643990;21:59:01.915367;0;0.1;20;2;500;50
0.201541;D051;8;1;0;0;2020-07-04 21:59:01.713826;21:59:01.915367;0;0.1;20;2;500;50
0.168439;D080;9;1;0;1;2020-07-04 21:59:01.746928;21:59:01.915367;0;0.1;20;2;500;50
0.102216;D081;9;1;0;1;2020-07-04 21:59:01.813151;21:59:01.915367;0;0.1;20;2;500;50
0.099842;D082;9;1;0;1;2020-07-04 21:59:01.815525;21:59:01.915367;0;0.1;20;2;500;50
0.639703;D083;9;1;0;1;2020-07-04 21:59:02.055241;21:59:02.694944;0;0.1;20;2;500;50
0.377466;D084;9;1;0;1;2020-07-04 21:59:02.317478;21:59:02.694944;0;0.1;20;2;500;50
0.32494;D085;9;1;0;1;2020-07-04 21:59:02.366964;21:59:02.691904;0;0.1;20;2;500;50
0.291521;D086;9;1;0;1;2020-07-04 21:59:02.402425;21:59:02.693946;0;0.1;20;2;500;50
0.21942;D087;9;1;0;1;2020-07-04 21:59:02.474526;21:59:02.693946;0;0.1;20;2;500;50
0.182762;D088;9;1;0;1;2020-07-04 21:59:02.510147;21:59:02.692909;0;0.1;20;2;500;50
0.142135;D052;8;1;0;0;2020-07-04 21:59:02.550774;21:59:02.692909;0;0.1;20;2;500;50
0.105371;D053;8;1;0;0;2020-07-04 21:59:02.586533;21:59:02.691904;0;0.1;20;2;500;50
0.70609;D054;8;1;0;0;2020-07-04 21:59:02.682108;21:59:03.388198;0;0.1;20;2;500;50
0.61227;D055;8;1;0;0;2020-07-04 21:59:02.775928;21:59:03.388198;0;0.1;20;2;500;50
0.583174;D089;9;1;0;1;2020-07-04 21:59:02.805024;21:59:03.388198;0;0.1;20;2;500;50
0.472205;D090;9;1;0;1;2020-07-04 21:59:02.915993;21:59:03.388198;0;0.1;20;2;500;50
0.305938;D056;8;1;0;0;2020-07-04 21:59:03.082260;21:59:03.388198;0;0.1;20;2;500;50
0.118372;D091;9;1;0;1;2020-07-04 21:59:03.269826;21:59:03.388198;0;0.1;20;2;500;50
0.086127;D092;9;1;0;1;2020-07-04 21:59:03.302071;21:59:03.388198;0;0.1;20;2;500;50
0.517193;D057;8;1;0;0;2020-07-04 21:59:03.518836;21:59:04.036029;0;0.1;20;2;500;50
0.476303;D093;9;1;0;1;2020-07-04 21:59:03.558753;21:59:04.035056;0;0.1;20;2;500;50
0.472956;D058;8;1;0;0;2020-07-04 21:59:03.563073;21:59:04.036029;0;0.1;20;2;500;50
0.364768;D059;8;1;0;0;2020-07-04 21:59:03.675251;21:59:04.040019;0;0.1;20;2;500;50
0.330153;D060;8;1;0;0;2020-07-04 21:59:03.709866;21:59:04.040019;0;0.1;20;2;500;50
0.269456;D061;8;1;0;0;2020-07-04 21:59:03.769568;21:59:04.039024;0;0.1;20;2;500;50
0.16752;D062;8;1;0;0;2020-07-04 21:59:03.869506;21:59:04.037026;0;0.1;20;2;500;50
0.14153;D063;8;1;0;0;2020-07-04 21:59:03.894499;21:59:04.036029;0;0.1;20;2;500;50
0.56593;D094;9;1;0;1;2020-07-04 21:59:03.984968;21:59:04.550898;0;0.1;20;2;500;50
0.440937;D064;8;1;0;0;2020-07-04 21:59:04.109961;21:59:04.550898;0;0.1;20;2;500;50
0.379311;D065;8;1;0;0;2020-07-04 21:59:04.171587;21:59:04.550898;0;0.1;20;2;500;50
0.366538;D095;9;1;0;1;2020-07-04 21:59:04.184360;21:59:04.550898;0;0.1;20;2;500;50
0.348484;D096;9;1;0;1;2020-07-04 21:59:04.202414;21:59:04.550898;0;0.1;20;2;500;50
0.217939;D097;9;1;0;1;2020-07-04 21:59:04.332959;21:59:04.550898;0;0.1;20;2;500;50
0.177668;D098;9;1;0;1;2020-07-04 21:59:04.373230;21:59:04.550898;0;0.1;20;2;500;50
0.131974;D099;9;1;0;1;2020-07-04 21:59:04.418924;21:59:04.550898;0;0.1;20;2;500;50
0.118003;D066;8;1;0;0;2020-07-04 21:59:04.432895;21:59:04.550898;0;0.1;20;2;500;50
0.112646;D100;9;1;0;1;2020-07-04 21:59:04.438252;21:59:04.550898;0;0.1;20;2;500;50
0.089437;D101;9;1;0;1;2020-07-04 21:59:04.461461;21:59:04.550898;0;0.1;20;2;500;50
0.925809;D102;9;1;0;1;2020-07-04 21:59:04.474152;21:59:05.399961;0;0.1;20;2;500;50
0.849387;D067;8;1;0;0;2020-07-04 21:59:04.550574;21:59:05.399961;0;0.1;20;2;500;50
0.868595;D103;9;1;0;1;2020-07-04 21:59:04.531366;21:59:05.399961;0;0.1;20;2;500;50
0.821446;D068;8;1;0;0;2020-07-04 21:59:04.578515;21:59:05.399961;0;0.1;20;2;500;50
0.678546;D069;8;1;0;0;2020-07-04 21:59:04.721415;21:59:05.399961;0;0.1;20;2;500;50
0.6223;D070;8;1;0;0;2020-07-04 21:59:04.777661;21:59:05.399961;0;0.1;20;2;500;50
0.567865;D104;9;1;0;1;2020-07-04 21:59:04.832096;21:59:05.399961;0;0.1;20;2;500;50
0.517923;D105;9;1;0;1;2020-07-04 21:59:04.882038;21:59:05.399961;0;0.1;20;2;500;50
0.443721;D071;8;1;0;0;2020-07-04 21:59:04.956240;21:59:05.399961;0;0.1;20;2;500;50
0.388306;D106;9;1;0;1;2020-07-04 21:59:05.011655;21:59:05.399961;0;0.1;20;2;500;50
0.354215;D072;8;1;0;0;2020-07-04 21:59:05.045746;21:59:05.399961;0;0.1;20;2;500;50
0.092141;D107;9;1;0;1;2020-07-04 21:59:05.307820;21:59:05.399961;0;0.1;20;2;500;50
0.823403;D108;9;1;0;1;2020-07-04 21:59:05.323435;21:59:06.146838;0;0.1;20;2;500;50
0.796488;D109;9;1;0;1;2020-07-04 21:59:05.350350;21:59:06.146838;0;0.1;20;2;500;50
0.782356;D110;9;1;0;1;2020-07-04 21:59:05.364482;21:59:06.146838;0;0.1;20;2;500;50
0.7632;D111;9;1;0;1;2020-07-04 21:59:05.383638;21:59:06.146838;0;0.1;20;2;500;50
0.710227;D112;9;1;0;1;2020-07-04 21:59:05.436611;21:59:06.146838;0;0.1;20;2;500;50
0.507047;D113;9;1;0;1;2020-07-04 21:59:05.639791;21:59:06.146838;0;0.1;20;2;500;50
0.365243;D073;8;1;0;0;2020-07-04 21:59:05.781595;21:59:06.146838;0;0.1;20;2;500;50
0.305857;D114;9;1;0;1;2020-07-04 21:59:05.840981;21:59:06.146838;0;0.1;20;2;500;50
0.262667;D074;8;1;0;0;2020-07-04 21:59:05.884171;21:59:06.146838;0;0.1;20;2;500;50
0.250978;D115;9;1;0;1;2020-07-04 21:59:05.895860;21:59:06.146838;0;0.1;20;2;500;50
0.151396;D116;9;1;0;1;2020-07-04 21:59:05.995442;21:59:06.146838;0;0.1;20;2;500;50
0.095;D075;8;1;0;0;2020-07-04 21:59:06.051838;21:59:06.146838;0;0.1;20;2;500;50
0.804435;D117;9;1;0;1;2020-07-04 21:59:06.062865;21:59:06.867300;0;0.1;20;2;500;50
0.716926;D118;9;1;0;1;2020-07-04 21:59:06.150374;21:59:06.867300;0;0.1;20;2;500;50
0.714946;D076;8;1;0;0;2020-07-04 21:59:06.152354;21:59:06.867300;0;0.1;20;2;500;50
0.670337;D077;8;1;0;0;2020-07-04 21:59:06.196963;21:59:06.867300;0;0.1;20;2;500;50
0.573091;D078;8;1;0;0;2020-07-04 21:59:06.294209;21:59:06.867300;0;0.1;20;2;500;50
0.461014;D119;9;1;0;1;2020-07-04 21:59:06.406286;21:59:06.867300;0;0.1;20;2;500;50
0.412403;D079;8;1;0;0;2020-07-04 21:59:06.454897;21:59:06.867300;0;0.1;20;2;500;50
0.320446;D120;9;1;0;1;2020-07-04 21:59:06.546854;21:59:06.867300;0;0.1;20;2;500;50
0.281888;D121;9;1;0;1;2020-07-04 21:59:06.585412;21:59:06.867300;0;0.1;20;2;500;50
0.278488;D122;9;1;0;1;2020-07-04 21:59:06.588812;21:59:06.867300;0;0.1;20;2;500;50
0.597913;D080;8;1;0;0;2020-07-04 21:59:06.840693;21:59:07.438606;0;0.1;20;2;500;50
0.543567;D081;8;1;0;0;2020-07-04 21:59:06.895039;21:59:07.438606;0;0.1;20;2;500;50
0.54186;D123;9;1;0;1;2020-07-04 21:59:06.896746;21:59:07.438606;0;0.1;20;2;500;50
0.514254;D124;9;1;0;1;2020-07-04 21:59:06.924352;21:59:07.438606;0;0.1;20;2;500;50
0.46426;D125;9;1;0;1;2020-07-04 21:59:06.974346;21:59:07.438606;0;0.1;20;2;500;50
0.422518;D082;8;1;0;0;2020-07-04 21:59:07.016088;21:59:07.438606;0;0.1;20;2;500;50
0.278311;D126;9;1;0;1;2020-07-04 21:59:07.160295;21:59:07.438606;0;0.1;20;2;500;50
0.197638;D083;8;1;0;0;2020-07-04 21:59:07.240968;21:59:07.438606;0;0.1;20;2;500;50
0.106054;D084;8;1;0;0;2020-07-04 21:59:07.332552;21:59:07.438606;0;0.1;20;2;500;50
0.081354;D085;8;1;0;0;2020-07-04 21:59:07.357252;21:59:07.438606;0;0.1;20;2;500;50
0.62801;D086;8;1;0;0;2020-07-04 21:59:07.472125;21:59:08.100135;0;0.1;20;2;500;50
0.583449;D127;9;1;0;1;2020-07-04 21:59:07.516686;21:59:08.100135;0;0.1;20;2;500;50
0.558438;D087;8;1;0;0;2020-07-04 21:59:07.541697;21:59:08.100135;0;0.1;20;2;500;50
0.454653;D128;9;1;0;1;2020-07-04 21:59:07.645482;21:59:08.100135;0;0.1;20;2;500;50
0.421887;D088;8;1;0;0;2020-07-04 21:59:07.678248;21:59:08.100135;0;0.1;20;2;500;50
0.371781;D129;9;1;0;1;2020-07-04 21:59:07.728354;21:59:08.100135;0;0.1;20;2;500;50
0.304209;D130;9;1;0;1;2020-07-04 21:59:07.795926;21:59:08.100135;0;0.1;20;2;500;50
0.238768;D131;9;1;0;1;2020-07-04 21:59:07.861367;21:59:08.100135;0;0.1;20;2;500;50
0.214523;D089;8;1;0;0;2020-07-04 21:59:07.885612;21:59:08.100135;0;0.1;20;2;500;50
0.089723;D132;9;1;0;1;2020-07-04 21:59:08.010412;21:59:08.100135;0;0.1;20;2;500;50
0.0829;D090;8;1;0;0;2020-07-04 21:59:08.017235;21:59:08.100135;0;0.1;20;2;500;50
0.342626;D091;8;1;0;0;2020-07-04 21:59:08.178893;21:59:08.521519;0;0.1;20;2;500;50
0.286729;D092;8;1;0;0;2020-07-04 21:59:08.234790;21:59:08.521519;0;0.1;20;2;500;50
0.247184;D093;8;1;0;0;2020-07-04 21:59:08.274335;21:59:08.521519;0;0.1;20;2;500;50
0.230222;D094;8;1;0;0;2020-07-04 21:59:08.291297;21:59:08.521519;0;0.1;20;2;500;50
0.222192;D133;9;1;0;1;2020-07-04 21:59:08.299327;21:59:08.521519;0;0.1;20;2;500;50
0.083088;D134;9;1;0;1;2020-07-04 21:59:08.438431;21:59:08.521519;0;0.1;20;2;500;50
0.522434;D095;8;1;0;0;2020-07-04 21:59:08.514241;21:59:09.036675;0;0.1;20;2;500;50
0.492762;D096;8;1;0;0;2020-07-04 21:59:08.543913;21:59:09.036675;0;0.1;20;2;500;50
0.460149;D135;9;1;0;1;2020-07-04 21:59:08.576526;21:59:09.036675;0;0.1;20;2;500;50
0.440896;D136;9;1;0;1;2020-07-04 21:59:08.595779;21:59:09.036675;0;0.1;20;2;500;50
0.383367;D137;9;1;0;1;2020-07-04 21:59:08.653308;21:59:09.036675;0;0.1;20;2;500;50
0.344434;D097;8;1;0;0;2020-07-04 21:59:08.692241;21:59:09.036675;0;0.1;20;2;500;50
0.2851;D098;8;1;0;0;2020-07-04 21:59:08.751575;21:59:09.036675;0;0.1;20;2;500;50
0.250281;D099;8;1;0;0;2020-07-04 21:59:08.786394;21:59:09.036675;0;0.1;20;2;500;50
0.138623;D100;8;1;0;0;2020-07-04 21:59:08.898052;21:59:09.036675;0;0.1;20;2;500;50
0.124606;D101;8;1;0;0;2020-07-04 21:59:08.912069;21:59:09.036675;0;0.1;20;2;500;50
0.088646;D138;9;1;0;1;2020-07-04 21:59:08.948029;21:59:09.036675;0;0.1;20;2;500;50
0.58728;D139;9;1;0;1;2020-07-04 21:59:09.042994;21:59:09.630274;0;0.1;20;2;500;50
0.590643;D102;8;1;0;0;2020-07-04 21:59:09.039631;21:59:09.630274;0;0.1;20;2;500;50
0.526565;D103;8;1;0;0;2020-07-04 21:59:09.103709;21:59:09.630274;0;0.1;20;2;500;50
0.36259;D140;9;1;0;1;2020-07-04 21:59:09.267684;21:59:09.630274;0;0.1;20;2;500;50
0.340277;D141;9;1;0;1;2020-07-04 21:59:09.289997;21:59:09.630274;0;0.1;20;2;500;50
0.267945;D104;8;1;0;0;2020-07-04 21:59:09.362329;21:59:09.630274;0;0.1;20;2;500;50
0.248693;D105;8;1;0;0;2020-07-04 21:59:09.381581;21:59:09.630274;0;0.1;20;2;500;50
0.232453;D106;8;1;0;0;2020-07-04 21:59:09.397821;21:59:09.630274;0;0.1;20;2;500;50
0.204127;D142;9;1;0;1;2020-07-04 21:59:09.426147;21:59:09.630274;0;0.1;20;2;500;50
0.175755;D143;9;1;0;1;2020-07-04 21:59:09.454519;21:59:09.630274;0;0.1;20;2;500;50
0.181886;D107;8;1;0;0;2020-07-04 21:59:09.448388;21:59:09.630274;0;0.1;20;2;500;50
0.125886;D144;9;1;0;1;2020-07-04 21:59:09.504388;21:59:09.630274;0;0.1;20;2;500;50
0.096373;D145;9;1;0;1;2020-07-04 21:59:09.533901;21:59:09.630274;0;0.1;20;2;500;50
0.591486;D108;8;1;0;0;2020-07-04 21:59:09.593276;21:59:10.184762;0;0.1;20;2;500;50
0.497192;D109;8;1;0;0;2020-07-04 21:59:09.687570;21:59:10.184762;0;0.1;20;2;500;50
0.458351;D110;8;1;0;0;2020-07-04 21:59:09.726411;21:59:10.184762;0;0.1;20;2;500;50
0.416262;D111;8;1;0;0;2020-07-04 21:59:09.768500;21:59:10.184762;0;0.1;20;2;500;50
0.35325;D146;9;1;0;1;2020-07-04 21:59:09.831512;21:59:10.184762;0;0.1;20;2;500;50
0.359603;D112;8;1;0;0;2020-07-04 21:59:09.825159;21:59:10.184762;0;0.1;20;2;500;50
0.315633;D113;8;1;0;0;2020-07-04 21:59:09.869129;21:59:10.184762;0;0.1;20;2;500;50
0.303118;D147;9;1;0;1;2020-07-04 21:59:09.881644;21:59:10.184762;0;0.1;20;2;500;50
0.273346;D148;9;1;0;1;2020-07-04 21:59:09.911416;21:59:10.184762;0;0.1;20;2;500;50
0.239258;D114;8;1;0;0;2020-07-04 21:59:09.945504;21:59:10.184762;0;0.1;20;2;500;50
0.21768;D115;8;1;0;0;2020-07-04 21:59:09.967082;21:59:10.184762;0;0.1;20;2;500;50
0.088573;D149;9;1;0;1;2020-07-04 21:59:10.096189;21:59:10.184762;0;0.1;20;2;500;50
0.62004;D116;8;1;0;0;2020-07-04 21:59:10.099162;21:59:10.719202;0;0.1;20;2;500;50
0.455561;D117;8;1;0;0;2020-07-04 21:59:10.263641;21:59:10.719202;0;0.1;20;2;500;50
0.430393;D118;8;1;0;0;2020-07-04 21:59:10.288809;21:59:10.719202;0;0.1;20;2;500;50
0.398695;D150;9;1;0;1;2020-07-04 21:59:10.320507;21:59:10.719202;0;0.1;20;2;500;50
0.400186;D119;8;1;0;0;2020-07-04 21:59:10.319016;21:59:10.719202;0;0.1;20;2;500;50
0.314598;D120;8;1;0;0;2020-07-04 21:59:10.404604;21:59:10.719202;0;0.1;20;2;500;50
0.248462;D121;8;1;0;0;2020-07-04 21:59:10.470740;21:59:10.719202;0;0.1;20;2;500;50
0.225829;D151;9;1;0;1;2020-07-04 21:59:10.493373;21:59:10.719202;0;0.1;20;2;500;50
0.115863;D122;8;1;0;0;2020-07-04 21:59:10.603339;21:59:10.719202;0;0.1;20;2;500;50
0.098919;D152;9;1;0;1;2020-07-04 21:59:10.620283;21:59:10.719202;0;0.1;20;2;500;50
0.105556;D123;8;1;0;0;2020-07-04 21:59:10.613646;21:59:10.719202;0;0.1;20;2;500;50
0.086089;D153;9;1;0;1;2020-07-04 21:59:10.633113;21:59:10.719202;0;0.1;20;2;500;50
0.572826;D124;8;1;0;0;2020-07-04 21:59:10.724090;21:59:11.296916;0;0.1;20;2;500;50
0.420833;D154;9;1;0;1;2020-07-04 21:59:10.878304;21:59:11.299137;0;0.1;20;2;500;50
0.319229;D155;9;1;0;1;2020-07-04 21:59:10.975503;21:59:11.294732;0;0.1;20;2;500;50
0.31062;D156;9;1;0;1;2020-07-04 21:59:10.986296;21:59:11.296916;0;0.1;20;2;500;50
0.263307;D157;9;1;0;1;2020-07-04 21:59:11.031425;21:59:11.294732;0;0.1;20;2;500;50
0.228774;D125;8;1;0;0;2020-07-04 21:59:11.068142;21:59:11.296916;0;0.1;20;2;500;50
0.215699;D158;9;1;0;1;2020-07-04 21:59:11.082330;21:59:11.298029;0;0.1;20;2;500;50
0.180577;D126;8;1;0;0;2020-07-04 21:59:11.115247;21:59:11.295824;0;0.1;20;2;500;50
0.091449;D127;8;1;0;0;2020-07-04 21:59:11.205467;21:59:11.296916;0;0.1;20;2;500;50
0.499958;D159;9;1;0;1;2020-07-04 21:59:11.239702;21:59:11.739660;0;0.1;20;2;500;50
0.480376;D160;9;1;0;1;2020-07-04 21:59:11.259284;21:59:11.739660;0;0.1;20;2;500;50
0.448525;D128;8;1;0;0;2020-07-04 21:59:11.291135;21:59:11.739660;0;0.1;20;2;500;50
0.306923;D129;8;1;0;0;2020-07-04 21:59:11.432737;21:59:11.739660;0;0.1;20;2;500;50
0.314055;D161;9;1;0;1;2020-07-04 21:59:11.425605;21:59:11.739660;0;0.1;20;2;500;50
0.280239;D130;8;1;0;0;2020-07-04 21:59:11.459421;21:59:11.739660;0;0.1;20;2;500;50
0.237759;D162;9;1;0;1;2020-07-04 21:59:11.501901;21:59:11.739660;0;0.1;20;2;500;50
0.229076;D131;8;1;0;0;2020-07-04 21:59:11.510584;21:59:11.739660;0;0.1;20;2;500;50
0.178243;D163;9;1;0;1;2020-07-04 21:59:11.561417;21:59:11.739660;0;0.1;20;2;500;50
0.099835;D132;8;1;0;0;2020-07-04 21:59:11.639825;21:59:11.739660;0;0.1;20;2;500;50
0.090881;D133;8;1;0;0;2020-07-04 21:59:11.648779;21:59:11.739660;0;0.1;20;2;500;50
0.543711;D164;9;1;0;1;2020-07-04 21:59:11.713000;21:59:12.256711;0;0.1;20;2;500;50
0.483652;D134;8;1;0;0;2020-07-04 21:59:11.773059;21:59:12.256711;0;0.1;20;2;500;50
0.459796;D135;8;1;0;0;2020-07-04 21:59:11.796915;21:59:12.256711;0;0.1;20;2;500;50
0.429274;D165;9;1;0;1;2020-07-04 21:59:11.827437;21:59:12.256711;0;0.1;20;2;500;50
0.351596;D136;8;1;0;0;2020-07-04 21:59:11.905115;21:59:12.256711;0;0.1;20;2;500;50
0.289417;D137;8;1;0;0;2020-07-04 21:59:11.967294;21:59:12.256711;0;0.1;20;2;500;50
0.230101;D138;8;1;0;0;2020-07-04 21:59:12.026610;21:59:12.256711;0;0.1;20;2;500;50
0.226326;D166;9;1;0;1;2020-07-04 21:59:12.030385;21:59:12.256711;0;0.1;20;2;500;50
0.166834;D139;8;1;0;0;2020-07-04 21:59:12.089877;21:59:12.256711;0;0.1;20;2;500;50
0.0963;D140;8;1;0;0;2020-07-04 21:59:12.160411;21:59:12.256711;0;0.1;20;2;500;50
0.68858;D141;8;1;0;0;2020-07-04 21:59:12.200167;21:59:12.888747;0;0.1;20;2;500;50
0.660653;D167;9;1;0;1;2020-07-04 21:59:12.228094;21:59:12.888747;0;0.1;20;2;500;50
0.588827;D168;9;1;0;1;2020-07-04 21:59:12.299920;21:59:12.888747;0;0.1;20;2;500;50
0.474778;D142;8;1;0;0;2020-07-04 21:59:12.413969;21:59:12.888747;0;0.1;20;2;500;50
0.419751;D143;8;1;0;0;2020-07-04 21:59:12.468996;21:59:12.888747;0;0.1;20;2;500;50
0.409138;D169;9;1;0;1;2020-07-04 21:59:12.479609;21:59:12.888747;0;0.1;20;2;500;50
0.375745;D170;9;1;0;1;2020-07-04 21:59:12.513002;21:59:12.888747;0;0.1;20;2;500;50
0.325342;D144;8;1;0;0;2020-07-04 21:59:12.563405;21:59:12.888747;0;0.1;20;2;500;50
0.281334;D171;9;1;0;1;2020-07-04 21:59:12.607413;21:59:12.888747;0;0.1;20;2;500;50
0.082284;D145;8;1;0;0;2020-07-04 21:59:12.806463;21:59:12.888747;0;0.1;20;2;500;50
0.645021;D172;9;1;0;1;2020-07-04 21:59:12.891985;21:59:13.537006;0;0.1;20;2;500;50
0.595286;D146;8;1;0;0;2020-07-04 21:59:12.943701;21:59:13.538987;0;0.1;20;2;500;50
0.527611;D173;9;1;0;1;2020-07-04 21:59:13.009395;21:59:13.537006;0;0.1;20;2;500;50
0.45102;D174;9;1;0;1;2020-07-04 21:59:13.085162;21:59:13.536182;0;0.1;20;2;500;50
0.377488;D147;8;1;0;0;2020-07-04 21:59:13.158694;21:59:13.536182;0;0.1;20;2;500;50
0.3474;D148;8;1;0;0;2020-07-04 21:59:13.191587;21:59:13.538987;0;0.1;20;2;500;50
0.272164;D175;9;1;0;1;2020-07-04 21:59:13.265833;21:59:13.537997;0;0.1;20;2;500;50
0.146611;D176;9;1;0;1;2020-07-04 21:59:13.391386;21:59:13.537997;0;0.1;20;2;500;50
0.076314;D149;8;1;0;0;2020-07-04 21:59:13.460692;21:59:13.537006;0;0.1;20;2;500;50
0.62747;D177;9;1;0;1;2020-07-04 21:59:13.493912;21:59:14.121382;0;0.1;20;2;500;50
0.479687;D178;9;1;0;1;2020-07-04 21:59:13.641695;21:59:14.121382;0;0.1;20;2;500;50
0.472349;D179;9;1;0;1;2020-07-04 21:59:13.649033;21:59:14.121382;0;0.1;20;2;500;50
0.410719;D150;8;1;0;0;2020-07-04 21:59:13.710663;21:59:14.121382;0;0.1;20;2;500;50
0.391976;D151;8;1;0;0;2020-07-04 21:59:13.729406;21:59:14.121382;0;0.1;20;2;500;50
0.358141;D152;8;1;0;0;2020-07-04 21:59:13.763241;21:59:14.121382;0;0.1;20;2;500;50
0.35982;D180;9;1;0;1;2020-07-04 21:59:13.761562;21:59:14.121382;0;0.1;20;2;500;50
0.286032;D153;8;1;0;0;2020-07-04 21:59:13.835350;21:59:14.121382;0;0.1;20;2;500;50
0.238377;D154;8;1;0;0;2020-07-04 21:59:13.883005;21:59:14.121382;0;0.1;20;2;500;50
0.170473;D181;9;1;0;1;2020-07-04 21:59:13.950909;21:59:14.121382;0;0.1;20;2;500;50
0.115615;D155;8;1;0;0;2020-07-04 21:59:14.005767;21:59:14.121382;0;0.1;20;2;500;50
0.084221;D182;9;1;0;1;2020-07-04 21:59:14.037161;21:59:14.121382;0;0.1;20;2;500;50
0.737961;D156;8;1;0;0;2020-07-04 21:59:14.067202;21:59:14.805163;0;0.1;20;2;500;50
0.650624;D157;8;1;0;0;2020-07-04 21:59:14.154539;21:59:14.805163;0;0.1;20;2;500;50
0.664849;D183;9;1;0;1;2020-07-04 21:59:14.140314;21:59:14.805163;0;0.1;20;2;500;50
0.471034;D158;8;1;0;0;2020-07-04 21:59:14.334129;21:59:14.805163;0;0.1;20;2;500;50
0.35246;D184;9;1;0;1;2020-07-04 21:59:14.452703;21:59:14.805163;0;0.1;20;2;500;50
0.346553;D159;8;1;0;0;2020-07-04 21:59:14.458610;21:59:14.805163;0;0.1;20;2;500;50
0.320953;D160;8;1;0;0;2020-07-04 21:59:14.484210;21:59:14.805163;0;0.1;20;2;500;50
0.308358;D185;9;1;0;1;2020-07-04 21:59:14.496805;21:59:14.805163;0;0.1;20;2;500;50
0.202013;D161;8;1;0;0;2020-07-04 21:59:14.603150;21:59:14.805163;0;0.1;20;2;500;50
0.196518;D186;9;1;0;1;2020-07-04 21:59:14.608645;21:59:14.805163;0;0.1;20;2;500;50
0.149616;D187;9;1;0;1;2020-07-04 21:59:14.655547;21:59:14.805163;0;0.1;20;2;500;50
0.122814;D162;8;1;0;0;2020-07-04 21:59:14.682349;21:59:14.805163;0;0.1;20;2;500;50
0.702288;D188;9;1;0;1;2020-07-04 21:59:14.746632;21:59:15.448920;0;0.1;20;2;500;50
0.685185;D163;8;1;0;0;2020-07-04 21:59:14.763735;21:59:15.448920;0;0.1;20;2;500;50
0.671021;D164;8;1;0;0;2020-07-04 21:59:14.777899;21:59:15.448920;0;0.1;20;2;500;50
0.545994;D189;9;1;0;1;2020-07-04 21:59:14.902926;21:59:15.448920;0;0.1;20;2;500;50
0.375372;D165;8;1;0;0;2020-07-04 21:59:15.073548;21:59:15.448920;0;0.1;20;2;500;50
0.347619;D190;9;1;0;1;2020-07-04 21:59:15.101301;21:59:15.448920;0;0.1;20;2;500;50
0.32967;D166;8;1;0;0;2020-07-04 21:59:15.119250;21:59:15.448920;0;0.1;20;2;500;50
0.290329;D167;8;1;0;0;2020-07-04 21:59:15.158591;21:59:15.448920;0;0.1;20;2;500;50
0.210579;D168;8;1;0;0;2020-07-04 21:59:15.238341;21:59:15.448920;0;0.1;20;2;500;50
0.161481;D169;8;1;0;0;2020-07-04 21:59:15.287439;21:59:15.448920;0;0.1;20;2;500;50
0.141016;D191;9;1;0;1;2020-07-04 21:59:15.307904;21:59:15.448920;0;0.1;20;2;500;50
0.095804;D170;8;1;0;0;2020-07-04 21:59:15.353116;21:59:15.448920;0;0.1;20;2;500;50
0.626544;D171;8;1;0;0;2020-07-04 21:59:15.431515;21:59:16.058059;0;0.1;20;2;500;50
0.513544;D192;9;1;0;1;2020-07-04 21:59:15.544515;21:59:16.058059;0;0.1;20;2;500;50
0.465987;D172;8;1;0;0;2020-07-04 21:59:15.592072;21:59:16.058059;0;0.1;20;2;500;50
0.439767;D193;9;1;0;1;2020-07-04 21:59:15.618292;21:59:16.058059;0;0.1;20;2;500;50
0.387931;D173;8;1;0;0;2020-07-04 21:59:15.670128;21:59:16.058059;0;0.1;20;2;500;50
0.369024;D194;9;1;0;1;2020-07-04 21:59:15.689035;21:59:16.058059;0;0.1;20;2;500;50
0.263625;D174;8;1;0;0;2020-07-04 21:59:15.794434;21:59:16.058059;0;0.1;20;2;500;50
0.083921;D195;9;1;0;1;2020-07-04 21:59:15.974138;21:59:16.058059;0;0.1;20;2;500;50
0.586323;D196;9;1;0;1;2020-07-04 21:59:16.018486;21:59:16.604809;0;0.1;20;2;500;50
0.589443;D175;8;1;0;0;2020-07-04 21:59:16.015366;21:59:16.604809;0;0.1;20;2;500;50
0.346187;D176;8;1;0;0;2020-07-04 21:59:16.258622;21:59:16.604809;0;0.1;20;2;500;50
0.193588;D177;8;1;0;0;2020-07-04 21:59:16.411221;21:59:16.604809;0;0.1;20;2;500;50
0.18481;D178;8;1;0;0;2020-07-04 21:59:16.419999;21:59:16.604809;0;0.1;20;2;500;50
0.176819;D197;9;1;0;1;2020-07-04 21:59:16.427990;21:59:16.604809;0;0.1;20;2;500;50
0.166841;D198;9;1;0;1;2020-07-04 21:59:16.437968;21:59:16.604809;0;0.1;20;2;500;50
0.081308;D179;8;1;0;0;2020-07-04 21:59:16.523501;21:59:16.604809;0;0.1;20;2;500;50
0.74088;D199;9;1;0;1;2020-07-04 21:59:16.535643;21:59:17.276523;0;0.1;20;2;500;50
0.711342;D200;9;1;0;1;2020-07-04 21:59:16.565181;21:59:17.276523;0;0.1;20;2;500;50
0.700201;D201;9;1;0;1;2020-07-04 21:59:16.576322;21:59:17.276523;0;0.1;20;2;500;50
0.599525;D202;9;1;0;1;2020-07-04 21:59:16.676998;21:59:17.276523;0;0.1;20;2;500;50
0.478356;D180;8;1;0;0;2020-07-04 21:59:16.798167;21:59:17.276523;0;0.1;20;2;500;50
0.417939;D181;8;1;0;0;2020-07-04 21:59:16.858584;21:59:17.276523;0;0.1;20;2;500;50
0.371912;D182;8;1;0;0;2020-07-04 21:59:16.904611;21:59:17.276523;0;0.1;20;2;500;50
0.221556;D203;9;1;0;1;2020-07-04 21:59:17.054967;21:59:17.276523;0;0.1;20;2;500;50
0.091431;D183;8;1;0;0;2020-07-04 21:59:17.185092;21:59:17.276523;0;0.1;20;2;500;50
0.523589;D204;9;1;0;1;2020-07-04 21:59:17.268903;21:59:17.792492;0;0.1;20;2;500;50
0.453523;D205;9;1;0;1;2020-07-04 21:59:17.338969;21:59:17.792492;0;0.1;20;2;500;50
0.41089;D184;8;1;0;0;2020-07-04 21:59:17.381602;21:59:17.792492;0;0.1;20;2;500;50
0.345048;D185;8;1;0;0;2020-07-04 21:59:17.447444;21:59:17.792492;0;0.1;20;2;500;50
0.292362;D186;8;1;0;0;2020-07-04 21:59:17.500130;21:59:17.792492;0;0.1;20;2;500;50
0.250954;D206;9;1;0;1;2020-07-04 21:59:17.541538;21:59:17.792492;0;0.1;20;2;500;50
0.238851;D207;9;1;0;1;2020-07-04 21:59:17.553641;21:59:17.792492;0;0.1;20;2;500;50
0.138436;D187;8;1;0;0;2020-07-04 21:59:17.654056;21:59:17.792492;0;0.1;20;2;500;50
0.083412;D188;8;1;0;0;2020-07-04 21:59:17.709080;21:59:17.792492;0;0.1;20;2;500;50
0.698359;D208;9;1;0;1;2020-07-04 21:59:17.781010;21:59:18.479369;0;0.1;20;2;500;50
0.524235;D189;8;1;0;0;2020-07-04 21:59:17.955134;21:59:18.479369;0;0.1;20;2;500;50
0.38375;D190;8;1;0;0;2020-07-04 21:59:18.095619;21:59:18.479369;0;0.1;20;2;500;50
0.299291;D209;9;1;0;1;2020-07-04 21:59:18.180078;21:59:18.479369;0;0.1;20;2;500;50
0.295925;D210;9;1;0;1;2020-07-04 21:59:18.183444;21:59:18.479369;0;0.1;20;2;500;50
0.28525;D191;8;1;0;0;2020-07-04 21:59:18.194119;21:59:18.479369;0;0.1;20;2;500;50
0.257648;D192;8;1;0;0;2020-07-04 21:59:18.221721;21:59:18.479369;0;0.1;20;2;500;50
0.138612;D193;8;1;0;0;2020-07-04 21:59:18.340757;21:59:18.479369;0;0.1;20;2;500;50
0.101721;D211;9;1;0;1;2020-07-04 21:59:18.377648;21:59:18.479369;0;0.1;20;2;500;50
0.088958;D212;9;1;0;1;2020-07-04 21:59:18.390411;21:59:18.479369;0;0.1;20;2;500;50
0.731408;D213;9;1;0;1;2020-07-04 21:59:18.513405;21:59:19.244813;0;0.1;20;2;500;50
0.701396;D214;9;1;0;1;2020-07-04 21:59:18.543417;21:59:19.244813;0;0.1;20;2;500;50
0.481864;D194;8;1;0;0;2020-07-04 21:59:18.762949;21:59:19.244813;0;0.1;20;2;500;50
0.366767;D195;8;1;0;0;2020-07-04 21:59:18.878046;21:59:19.244813;0;0.1;20;2;500;50
0.347101;D196;8;1;0;0;2020-07-04 21:59:18.897712;21:59:19.244813;0;0.1;20;2;500;50
0.330868;D215;9;1;0;1;2020-07-04 21:59:18.913945;21:59:19.244813;0;0.1;20;2;500;50
0.260102;D216;9;1;0;1;2020-07-04 21:59:18.984711;21:59:19.244813;0;0.1;20;2;500;50
0.142332;D217;9;1;0;1;2020-07-04 21:59:19.102481;21:59:19.244813;0;0.1;20;2;500;50
0.084084;D218;9;1;0;1;2020-07-04 21:59:19.160729;21:59:19.244813;0;0.1;20;2;500;50
0.409496;D219;9;1;0;1;2020-07-04 21:59:19.303964;21:59:19.713460;0;0.1;20;2;500;50
0.381124;D197;8;1;0;0;2020-07-04 21:59:19.332336;21:59:19.713460;0;0.1;20;2;500;50
0.384022;D220;9;1;0;1;2020-07-04 21:59:19.329438;21:59:19.713460;0;0.1;20;2;500;50
0.321583;D221;9;1;0;1;2020-07-04 21:59:19.391877;21:59:19.713460;0;0.1;20;2;500;50
0.282763;D222;9;1;0;1;2020-07-04 21:59:19.430697;21:59:19.713460;0;0.1;20;2;500;50
0.283334;D198;8;1;0;0;2020-07-04 21:59:19.430126;21:59:19.713460;0;0.1;20;2;500;50
0.154274;D223;9;1;0;1;2020-07-04 21:59:19.559186;21:59:19.713460;0;0.1;20;2;500;50
0.095845;D199;8;1;0;0;2020-07-04 21:59:19.617615;21:59:19.713460;0;0.1;20;2;500;50
0.09074;D200;8;1;0;0;2020-07-04 21:59:19.622720;21:59:19.713460;0;0.1;20;2;500;50
0.695238;D201;8;1;0;0;2020-07-04 21:59:19.754597;21:59:20.449835;0;0.1;20;2;500;50
0.660989;D224;9;1;0;1;2020-07-04 21:59:19.788846;21:59:20.449835;0;0.1;20;2;500;50
0.664206;D202;8;1;0;0;2020-07-04 21:59:19.785629;21:59:20.449835;0;0.1;20;2;500;50
0.552376;D225;9;1;0;1;2020-07-04 21:59:19.897459;21:59:20.449835;0;0.1;20;2;500;50
0.541307;D203;8;1;0;0;2020-07-04 21:59:19.908528;21:59:20.449835;0;0.1;20;2;500;50
0.522612;D226;9;1;0;1;2020-07-04 21:59:19.927223;21:59:20.449835;0;0.1;20;2;500;50
0.533188;D204;8;1;0;0;2020-07-04 21:59:19.916647;21:59:20.449835;0;0.1;20;2;500;50
0.376782;D205;8;1;0;0;2020-07-04 21:59:20.073053;21:59:20.449835;0;0.1;20;2;500;50
0.255086;D227;9;1;0;1;2020-07-04 21:59:20.194749;21:59:20.449835;0;0.1;20;2;500;50
0.210266;D228;9;1;0;1;2020-07-04 21:59:20.239569;21:59:20.449835;0;0.1;20;2;500;50
0.155177;D206;8;1;0;0;2020-07-04 21:59:20.294658;21:59:20.449835;0;0.1;20;2;500;50
0.663198;D229;9;1;0;1;2020-07-04 21:59:20.489557;21:59:21.152755;0;0.1;20;2;500;50
0.628564;D230;9;1;0;1;2020-07-04 21:59:20.524191;21:59:21.152755;0;0.1;20;2;500;50
0.577298;D207;8;1;0;0;2020-07-04 21:59:20.575457;21:59:21.152755;0;0.1;20;2;500;50
0.550554;D231;9;1;0;1;2020-07-04 21:59:20.602201;21:59:21.152755;0;0.1;20;2;500;50
0.54643;D208;8;1;0;0;2020-07-04 21:59:20.606325;21:59:21.152755;0;0.1;20;2;500;50
0.505299;D209;8;1;0;0;2020-07-04 21:59:20.647456;21:59:21.152755;0;0.1;20;2;500;50
0.470552;D210;8;1;0;0;2020-07-04 21:59:20.682203;21:59:21.152755;0;0.1;20;2;500;50
0.46118;D232;9;1;0;1;2020-07-04 21:59:20.691575;21:59:21.152755;0;0.1;20;2;500;50
0.389682;D211;8;1;0;0;2020-07-04 21:59:20.763073;21:59:21.152755;0;0.1;20;2;500;50
0.384027;D233;9;1;0;1;2020-07-04 21:59:20.768728;21:59:21.152755;0;0.1;20;2;500;50
0.276193;D234;9;1;0;1;2020-07-04 21:59:20.876562;21:59:21.152755;0;0.1;20;2;500;50
0.191326;D212;8;1;0;0;2020-07-04 21:59:20.961429;21:59:21.152755;0;0.1;20;2;500;50
0.120313;D213;8;1;0;0;2020-07-04 21:59:21.032442;21:59:21.152755;0;0.1;20;2;500;50
0.491724;D214;8;1;0;0;2020-07-04 21:59:21.067464;21:59:21.559188;0;0.1;20;2;500;50
0.435889;D215;8;1;0;0;2020-07-04 21:59:21.123299;21:59:21.559188;0;0.1;20;2;500;50
0.37871;D235;9;1;0;1;2020-07-04 21:59:21.180478;21:59:21.559188;0;0.1;20;2;500;50
0.322802;D216;8;1;0;0;2020-07-04 21:59:21.236386;21:59:21.559188;0;0.1;20;2;500;50
0.285104;D217;8;1;0;0;2020-07-04 21:59:21.274084;21:59:21.559188;0;0.1;20;2;500;50
0.253064;D236;9;1;0;1;2020-07-04 21:59:21.306124;21:59:21.559188;0;0.1;20;2;500;50
0.252119;D218;8;1;0;0;2020-07-04 21:59:21.307069;21:59:21.559188;0;0.1;20;2;500;50
0.205351;D219;8;1;0;0;2020-07-04 21:59:21.353837;21:59:21.559188;0;0.1;20;2;500;50
0.194274;D220;8;1;0;0;2020-07-04 21:59:21.364914;21:59:21.559188;0;0.1;20;2;500;50
0.199573;D237;9;1;0;1;2020-07-04 21:59:21.359615;21:59:21.559188;0;0.1;20;2;500;50
0.169939;D221;8;1;0;0;2020-07-04 21:59:21.389249;21:59:21.559188;0;0.1;20;2;500;50
0.114878;D238;9;1;0;1;2020-07-04 21:59:21.444310;21:59:21.559188;0;0.1;20;2;500;50
0.092717;D239;9;1;0;1;2020-07-04 21:59:21.466471;21:59:21.559188;0;0.1;20;2;500;50
0.554861;D222;8;1;0;0;2020-07-04 21:59:21.552737;21:59:22.107598;0;0.1;20;2;500;50
0.498763;D240;9;1;0;1;2020-07-04 21:59:21.608835;21:59:22.107598;0;0.1;20;2;500;50
0.346213;D241;9;1;0;1;2020-07-04 21:59:21.761385;21:59:22.107598;0;0.1;20;2;500;50
0.319361;D242;9;1;0;1;2020-07-04 21:59:21.788237;21:59:22.107598;0;0.1;20;2;500;50
0.328374;D223;8;1;0;0;2020-07-04 21:59:21.779224;21:59:22.107598;0;0.1;20;2;500;50
0.27536;D224;8;1;0;0;2020-07-04 21:59:21.832238;21:59:22.107598;0;0.1;20;2;500;50
0.236886;D243;9;1;0;1;2020-07-04 21:59:21.870712;21:59:22.107598;0;0.1;20;2;500;50
0.212914;D244;9;1;0;1;2020-07-04 21:59:21.894684;21:59:22.107598;0;0.1;20;2;500;50
0.173069;D225;8;1;0;0;2020-07-04 21:59:21.934529;21:59:22.107598;0;0.1;20;2;500;50
0.140213;D226;8;1;0;0;2020-07-04 21:59:21.967385;21:59:22.107598;0;0.1;20;2;500;50
0.087786;D245;9;1;0;1;2020-07-04 21:59:22.019812;21:59:22.107598;0;0.1;20;2;500;50
0.769201;D246;9;1;0;1;2020-07-04 21:59:22.032522;21:59:22.801723;0;0.1;20;2;500;50
0.735581;D227;8;1;0;0;2020-07-04 21:59:22.066142;21:59:22.801723;0;0.1;20;2;500;50
0.571454;D228;8;1;0;0;2020-07-04 21:59:22.230269;21:59:22.801723;0;0.1;20;2;500;50
0.547173;D247;9;1;0;1;2020-07-04 21:59:22.254550;21:59:22.801723;0;0.1;20;2;500;50
0.500302;D229;8;1;0;0;2020-07-04 21:59:22.301421;21:59:22.801723;0;0.1;20;2;500;50
0.392832;D230;8;1;0;0;2020-07-04 21:59:22.408891;21:59:22.801723;0;0.1;20;2;500;50
0.272067;D248;9;1;0;1;2020-07-04 21:59:22.529656;21:59:22.801723;0;0.1;20;2;500;50
0.211086;D249;9;1;0;1;2020-07-04 21:59:22.590637;21:59:22.801723;0;0.1;20;2;500;50
0.088896;D231;8;1;0;0;2020-07-04 21:59:22.712827;21:59:22.801723;0;0.1;20;2;500;50
0.651221;D250;9;1;0;1;2020-07-04 21:59:22.806961;21:59:23.458182;0;0.1;20;2;500;50
0.629592;D232;8;1;0;0;2020-07-04 21:59:22.828590;21:59:23.458182;0;0.1;20;2;500;50
0.584547;D233;8;1;0;0;2020-07-04 21:59:22.873635;21:59:23.458182;0;0.1;20;2;500;50
0.471458;D251;9;1;0;1;2020-07-04 21:59:22.986724;21:59:23.458182;0;0.1;20;2;500;50
0.365657;D252;9;1;0;1;2020-07-04 21:59:23.092525;21:59:23.458182;0;0.1;20;2;500;50
0.372454;D234;8;1;0;0;2020-07-04 21:59:23.085728;21:59:23.458182;0;0.1;20;2;500;50
0.298734;D235;8;1;0;0;2020-07-04 21:59:23.159448;21:59:23.458182;0;0.1;20;2;500;50
0.284413;D253;9;1;0;1;2020-07-04 21:59:23.173769;21:59:23.458182;0;0.1;20;2;500;50
0.210962;D254;9;1;0;1;2020-07-04 21:59:23.247220;21:59:23.458182;0;0.1;20;2;500;50
0.150598;D236;8;1;0;0;2020-07-04 21:59:23.307584;21:59:23.458182;0;0.1;20;2;500;50
0.130941;D255;9;1;0;1;2020-07-04 21:59:23.327241;21:59:23.458182;0;0.1;20;2;500;50
0.113291;D256;9;1;0;1;2020-07-04 21:59:23.344891;21:59:23.458182;0;0.1;20;2;500;50
0.093089;D237;8;1;0;0;2020-07-04 21:59:23.365093;21:59:23.458182;0;0.1;20;2;500;50
0.610901;D238;8;1;0;0;2020-07-04 21:59:23.424905;21:59:24.035806;0;0.1;20;2;500;50
0.607074;D239;8;1;0;0;2020-07-04 21:59:23.428732;21:59:24.035806;0;0.1;20;2;500;50
0.572475;D257;9;1;0;1;2020-07-04 21:59:23.463331;21:59:24.035806;0;0.1;20;2;500;50
0.575072;D240;8;1;0;0;2020-07-04 21:59:23.460734;21:59:24.035806;0;0.1;20;2;500;50
0.392061;D258;9;1;0;1;2020-07-04 21:59:23.643745;21:59:24.035806;0;0.1;20;2;500;50
0.395107;D241;8;1;0;0;2020-07-04 21:59:23.640699;21:59:24.035806;0;0.1;20;2;500;50
0.339002;D242;8;1;0;0;2020-07-04 21:59:23.696804;21:59:24.035806;0;0.1;20;2;500;50
0.197681;D243;8;1;0;0;2020-07-04 21:59:23.838125;21:59:24.035806;0;0.1;20;2;500;50
0.604026;D244;8;1;0;0;2020-07-04 21:59:23.978527;21:59:24.582553;0;0.1;20;2;500;50
0.608975;D259;9;1;0;1;2020-07-04 21:59:23.973578;21:59:24.582553;0;0.1;20;2;500;50
0.448825;D260;9;1;0;1;2020-07-04 21:59:24.133728;21:59:24.582553;0;0.1;20;2;500;50
0.372264;D245;8;1;0;0;2020-07-04 21:59:24.210289;21:59:24.582553;0;0.1;20;2;500;50
0.312256;D261;9;1;0;1;2020-07-04 21:59:24.270297;21:59:24.582553;0;0.1;20;2;500;50
0.158162;D262;9;1;0;1;2020-07-04 21:59:24.424391;21:59:24.582553;0;0.1;20;2;500;50
0.150128;D246;8;1;0;0;2020-07-04 21:59:24.432425;21:59:24.582553;0;0.1;20;2;500;50
0.130683;D247;8;1;0;0;2020-07-04 21:59:24.451870;21:59:24.582553;0;0.1;20;2;500;50
0.124309;D263;9;1;0;1;2020-07-04 21:59:24.458244;21:59:24.582553;0;0.1;20;2;500;50
0.09574;D264;9;1;0;1;2020-07-04 21:59:24.486813;21:59:24.582553;0;0.1;20;2;500;50
0.623325;D265;9;1;0;1;2020-07-04 21:59:24.615325;21:59:25.238650;0;0.1;20;2;500;50
0.616974;D248;8;1;0;0;2020-07-04 21:59:24.621676;21:59:25.238650;0;0.1;20;2;500;50
0.539554;D249;8;1;0;0;2020-07-04 21:59:24.699096;21:59:25.238650;0;0.1;20;2;500;50
0.462635;D250;8;1;0;0;2020-07-04 21:59:24.776015;21:59:25.238650;0;0.1;20;2;500;50
0.366036;D251;8;1;0;0;2020-07-04 21:59:24.872614;21:59:25.238650;0;0.1;20;2;500;50
0.341054;D266;9;1;0;1;2020-07-04 21:59:24.897596;21:59:25.238650;0;0.1;20;2;500;50
0.275878;D252;8;1;0;0;2020-07-04 21:59:24.962772;21:59:25.238650;0;0.1;20;2;500;50
0.243415;D253;8;1;0;0;2020-07-04 21:59:24.995235;21:59:25.238650;0;0.1;20;2;500;50
0.11006;D267;9;1;0;1;2020-07-04 21:59:25.128590;21:59:25.238650;0;0.1;20;2;500;50
0.083843;D254;8;1;0;0;2020-07-04 21:59:25.154807;21:59:25.238650;0;0.1;20;2;500;50
0.549832;D268;9;1;0;1;2020-07-04 21:59:25.181732;21:59:25.731564;0;0.1;20;2;500;50
0.478852;D255;8;1;0;0;2020-07-04 21:59:25.252712;21:59:25.731564;0;0.1;20;2;500;50
0.47645;D256;8;1;0;0;2020-07-04 21:59:25.255114;21:59:25.731564;0;0.1;20;2;500;50
0.468989;D269;9;1;0;1;2020-07-04 21:59:25.262575;21:59:25.731564;0;0.1;20;2;500;50
0.378559;D270;9;1;0;1;2020-07-04 21:59:25.353005;21:59:25.731564;0;0.1;20;2;500;50
0.328698;D271;9;1;0;1;2020-07-04 21:59:25.402866;21:59:25.731564;0;0.1;20;2;500;50
0.299056;D257;8;1;0;0;2020-07-04 21:59:25.432508;21:59:25.731564;0;0.1;20;2;500;50
0.172942;D258;8;1;0;0;2020-07-04 21:59:25.558622;21:59:25.731564;0;0.1;20;2;500;50
0.121406;D259;8;1;0;0;2020-07-04 21:59:25.610158;21:59:25.731564;0;0.1;20;2;500;50
0.096796;D260;8;1;0;0;2020-07-04 21:59:25.634768;21:59:25.731564;0;0.1;20;2;500;50
0.084529;D261;8;1;0;0;2020-07-04 21:59:25.647035;21:59:25.731564;0;0.1;20;2;500;50
0.702632;D272;9;1;0;1;2020-07-04 21:59:25.716690;21:59:26.419322;0;0.1;20;2;500;50
0.653525;D262;8;1;0;0;2020-07-04 21:59:25.765797;21:59:26.419322;0;0.1;20;2;500;50
0.600298;D263;8;1;0;0;2020-07-04 21:59:25.819024;21:59:26.419322;0;0.1;20;2;500;50
0.542637;D273;9;1;0;1;2020-07-04 21:59:25.876685;21:59:26.419322;0;0.1;20;2;500;50
0.455472;D274;9;1;0;1;2020-07-04 21:59:25.963850;21:59:26.419322;0;0.1;20;2;500;50
0.386337;D264;8;1;0;0;2020-07-04 21:59:26.032985;21:59:26.419322;0;0.1;20;2;500;50
0.245224;D275;9;1;0;1;2020-07-04 21:59:26.174098;21:59:26.419322;0;0.1;20;2;500;50
0.213614;D276;9;1;0;1;2020-07-04 21:59:26.205708;21:59:26.419322;0;0.1;20;2;500;50
0.90471;D277;9;1;0;1;2020-07-04 21:59:26.336530;21:59:27.241240;0;0.1;20;2;500;50
0.70109;D278;9;1;0;1;2020-07-04 21:59:26.540150;21:59:27.241240;0;0.1;20;2;500;50
0.696632;D265;8;1;0;0;2020-07-04 21:59:26.544608;21:59:27.241240;0;0.1;20;2;500;50
0.694132;D279;9;1;0;1;2020-07-04 21:59:26.547108;21:59:27.241240;0;0.1;20;2;500;50
0.655642;D266;8;1;0;0;2020-07-04 21:59:26.585598;21:59:27.241240;0;0.1;20;2;500;50
0.630616;D280;9;1;0;1;2020-07-04 21:59:26.610624;21:59:27.241240;0;0.1;20;2;500;50
0.394469;D281;9;1;0;1;2020-07-04 21:59:26.846771;21:59:27.241240;0;0.1;20;2;500;50
0.28757;D267;8;1;0;0;2020-07-04 21:59:26.953670;21:59:27.241240;0;0.1;20;2;500;50
0.206214;D282;9;1;0;1;2020-07-04 21:59:27.035026;21:59:27.241240;0;0.1;20;2;500;50
0.162639;D283;9;1;0;1;2020-07-04 21:59:27.078601;21:59:27.241240;0;0.1;20;2;500;50
0.100046;D284;9;1;0;1;2020-07-04 21:59:27.141194;21:59:27.241240;0;0.1;20;2;500;50
0.842243;D268;8;1;0;0;2020-07-04 21:59:27.270727;21:59:28.112970;0;0.1;20;2;500;50
0.717735;D269;8;1;0;0;2020-07-04 21:59:27.395235;21:59:28.112970;0;0.1;20;2;500;50
0.619666;D285;9;1;0;1;2020-07-04 21:59:27.493304;21:59:28.112970;0;0.1;20;2;500;50
0.571086;D286;9;1;0;1;2020-07-04 21:59:27.541884;21:59:28.112970;0;0.1;20;2;500;50
0.556748;D270;8;1;0;0;2020-07-04 21:59:27.556222;21:59:28.112970;0;0.1;20;2;500;50
0.545849;D287;9;1;0;1;2020-07-04 21:59:27.567121;21:59:28.112970;0;0.1;20;2;500;50
0.406672;D288;9;1;0;1;2020-07-04 21:59:27.706298;21:59:28.112970;0;0.1;20;2;500;50
0.347213;D271;8;1;0;0;2020-07-04 21:59:27.765757;21:59:28.112970;0;0.1;20;2;500;50
0.256706;D289;9;1;0;1;2020-07-04 21:59:27.856264;21:59:28.112970;0;0.1;20;2;500;50
0.18854;D290;9;1;0;1;2020-07-04 21:59:27.924430;21:59:28.112970;0;0.1;20;2;500;50
0.093082;D272;8;1;0;0;2020-07-04 21:59:28.019888;21:59:28.112970;0;0.1;20;2;500;50
0.733597;D291;9;1;0;1;2020-07-04 21:59:28.051069;21:59:28.784666;0;0.1;20;2;500;50
0.545612;D292;9;1;0;1;2020-07-04 21:59:28.239054;21:59:28.784666;0;0.1;20;2;500;50
0.495949;D273;8;1;0;0;2020-07-04 21:59:28.288717;21:59:28.784666;0;0.1;20;2;500;50
0.454465;D293;9;1;0;1;2020-07-04 21:59:28.330201;21:59:28.784666;0;0.1;20;2;500;50
0.442377;D294;9;1;0;1;2020-07-04 21:59:28.342289;21:59:28.784666;0;0.1;20;2;500;50
0.428763;D274;8;1;0;0;2020-07-04 21:59:28.355903;21:59:28.784666;0;0.1;20;2;500;50
0.372077;D295;9;1;0;1;2020-07-04 21:59:28.412589;21:59:28.784666;0;0.1;20;2;500;50
0.325306;D296;9;1;0;1;2020-07-04 21:59:28.459360;21:59:28.784666;0;0.1;20;2;500;50
0.303783;D275;8;1;0;0;2020-07-04 21:59:28.480883;21:59:28.784666;0;0.1;20;2;500;50
0.278758;D297;9;1;0;1;2020-07-04 21:59:28.505908;21:59:28.784666;0;0.1;20;2;500;50
0.234439;D298;9;1;0;1;2020-07-04 21:59:28.550227;21:59:28.784666;0;0.1;20;2;500;50
0.213419;D299;9;1;0;1;2020-07-04 21:59:28.571247;21:59:28.784666;0;0.1;20;2;500;50
0.922361;D276;8;1;0;0;2020-07-04 21:59:28.721471;21:59:29.643832;0;0.1;20;2;500;50
0.919128;D277;8;1;0;0;2020-07-04 21:59:28.724704;21:59:29.643832;0;0.1;20;2;500;50
0.832204;D278;8;1;0;0;2020-07-04 21:59:28.811628;21:59:29.643832;0;0.1;20;2;500;50
0.827257;D300;9;1;0;1;2020-07-04 21:59:28.816575;21:59:29.643832;0;0.1;20;2;500;50
0.63489;D301;9;1;0;1;2020-07-04 21:59:29.008942;21:59:29.643832;0;0.1;20;2;500;50
0.623001;D302;9;1;0;1;2020-07-04 21:59:29.020831;21:59:29.643832;0;0.1;20;2;500;50
0.414407;D303;9;1;0;1;2020-07-04 21:59:29.229425;21:59:29.643832;0;0.1;20;2;500;50
0.389646;D279;8;1;0;0;2020-07-04 21:59:29.254186;21:59:29.643832;0;0.1;20;2;500;50
0.3711;D280;8;1;0;0;2020-07-04 21:59:29.272732;21:59:29.643832;0;0.1;20;2;500;50
0.307354;D304;9;1;0;1;2020-07-04 21:59:29.336478;21:59:29.643832;0;0.1;20;2;500;50
0.212661;D281;8;1;0;0;2020-07-04 21:59:29.431171;21:59:29.643832;0;0.1;20;2;500;50
0.761771;D282;8;1;0;0;2020-07-04 21:59:29.574286;21:59:30.336057;0;0.1;20;2;500;50
0.751684;D283;8;1;0;0;2020-07-04 21:59:29.583378;21:59:30.335062;0;0.1;20;2;500;50
0.748844;D305;9;1;0;1;2020-07-04 21:59:29.586218;21:59:30.335062;0;0.1;20;2;500;50
0.721099;D306;9;1;0;1;2020-07-04 21:59:29.612965;21:59:30.334064;0;0.1;20;2;500;50
0.67001;D307;9;1;0;1;2020-07-04 21:59:29.665052;21:59:30.335062;0;0.1;20;2;500;50
0.349823;D308;9;1;0;1;2020-07-04 21:59:29.985239;21:59:30.335062;0;0.1;20;2;500;50
0.307855;D284;8;1;0;0;2020-07-04 21:59:30.026209;21:59:30.334064;0;0.1;20;2;500;50
0.212588;D285;8;1;0;0;2020-07-04 21:59:30.122474;21:59:30.335062;0;0.1;20;2;500;50
0.181172;D309;9;1;0;1;2020-07-04 21:59:30.153890;21:59:30.335062;0;0.1;20;2;500;50
0.152251;D310;9;1;0;1;2020-07-04 21:59:30.182811;21:59:30.335062;0;0.1;20;2;500;50
0.131436;D286;8;1;0;0;2020-07-04 21:59:30.203626;21:59:30.335062;0;0.1;20;2;500;50
0.123776;D287;8;1;0;0;2020-07-04 21:59:30.211286;21:59:30.335062;0;0.1;20;2;500;50
0.599967;D288;8;1;0;0;2020-07-04 21:59:30.294097;21:59:30.894064;0;0.1;20;2;500;50
0.576424;D311;9;1;0;1;2020-07-04 21:59:30.317640;21:59:30.894064;0;0.1;20;2;500;50
0.575135;D289;8;1;0;0;2020-07-04 21:59:30.318929;21:59:30.894064;0;0.1;20;2;500;50
0.543842;D290;8;1;0;0;2020-07-04 21:59:30.350222;21:59:30.894064;0;0.1;20;2;500;50
0.346966;D312;9;1;0;1;2020-07-04 21:59:30.547098;21:59:30.894064;0;0.1;20;2;500;50
0.251964;D313;9;1;0;1;2020-07-04 21:59:30.642100;21:59:30.894064;0;0.1;20;2;500;50
0.235884;D314;9;1;0;1;2020-07-04 21:59:30.658180;21:59:30.894064;0;0.1;20;2;500;50
0.21452;D291;8;1;0;0;2020-07-04 21:59:30.679544;21:59:30.894064;0;0.1;20;2;500;50
0.185513;D315;9;1;0;1;2020-07-04 21:59:30.708551;21:59:30.894064;0;0.1;20;2;500;50
0.154734;D316;9;1;0;1;2020-07-04 21:59:30.739330;21:59:30.894064;0;0.1;20;2;500;50
0.740463;D317;9;1;0;1;2020-07-04 21:59:30.829830;21:59:31.570293;0;0.1;20;2;500;50
0.600234;D292;8;1;0;0;2020-07-04 21:59:30.970059;21:59:31.570293;0;0.1;20;2;500;50
0.485746;D293;8;1;0;0;2020-07-04 21:59:31.084547;21:59:31.570293;0;0.1;20;2;500;50
0.415429;D294;8;1;0;0;2020-07-04 21:59:31.154864;21:59:31.570293;0;0.1;20;2;500;50
0.3802;D318;9;1;0;1;2020-07-04 21:59:31.190093;21:59:31.570293;0;0.1;20;2;500;50
0.250715;D295;8;1;0;0;2020-07-04 21:59:31.319578;21:59:31.570293;0;0.1;20;2;500;50
0.158704;D319;9;1;0;1;2020-07-04 21:59:31.411589;21:59:31.570293;0;0.1;20;2;500;50
0.09649;D296;8;1;0;0;2020-07-04 21:59:31.473803;21:59:31.570293;0;0.1;20;2;500;50
0.084804;D297;8;1;0;0;2020-07-04 21:59:31.485489;21:59:31.570293;0;0.1;20;2;500;50
0.587525;D298;8;1;0;0;2020-07-04 21:59:31.547908;21:59:32.135433;0;0.1;20;2;500;50
0.561624;D320;9;1;0;1;2020-07-04 21:59:31.573809;21:59:32.135433;0;0.1;20;2;500;50
0.463572;D321;9;1;0;1;2020-07-04 21:59:31.671861;21:59:32.135433;0;0.1;20;2;500;50
0.451285;D299;8;1;0;0;2020-07-04 21:59:31.684148;21:59:32.135433;0;0.1;20;2;500;50
0.40318;D322;9;1;0;1;2020-07-04 21:59:31.732253;21:59:32.135433;0;0.1;20;2;500;50
0.40813;D300;8;1;0;0;2020-07-04 21:59:31.727303;21:59:32.135433;0;0.1;20;2;500;50
0.364292;D323;9;1;0;1;2020-07-04 21:59:31.771141;21:59:32.135433;0;0.1;20;2;500;50
0.305931;D301;8;1;0;0;2020-07-04 21:59:31.829502;21:59:32.135433;0;0.1;20;2;500;50
0.305818;D324;9;1;0;1;2020-07-04 21:59:31.829615;21:59:32.135433;0;0.1;20;2;500;50
0.23116;D302;8;1;0;0;2020-07-04 21:59:31.904273;21:59:32.135433;0;0.1;20;2;500;50
0.219936;D303;8;1;0;0;2020-07-04 21:59:31.915497;21:59:32.135433;0;0.1;20;2;500;50
0.168285;D325;9;1;0;1;2020-07-04 21:59:31.967148;21:59:32.135433;0;0.1;20;2;500;50
0.138185;D304;8;1;0;0;2020-07-04 21:59:31.997248;21:59:32.135433;0;0.1;20;2;500;50
0.130149;D326;9;1;0;1;2020-07-04 21:59:32.005284;21:59:32.135433;0;0.1;20;2;500;50
0.089082;D327;9;1;0;1;2020-07-04 21:59:32.046351;21:59:32.135433;0;0.1;20;2;500;50
0.646758;D328;9;1;0;1;2020-07-04 21:59:32.113527;21:59:32.760285;0;0.1;20;2;500;50
0.584388;D305;8;1;0;0;2020-07-04 21:59:32.175897;21:59:32.760285;0;0.1;20;2;500;50
0.558971;D306;8;1;0;0;2020-07-04 21:59:32.201314;21:59:32.760285;0;0.1;20;2;500;50
0.524034;D329;9;1;0;1;2020-07-04 21:59:32.236251;21:59:32.760285;0;0.1;20;2;500;50
0.423283;D307;8;1;0;0;2020-07-04 21:59:32.337002;21:59:32.760285;0;0.1;20;2;500;50
0.38093;D308;8;1;0;0;2020-07-04 21:59:32.379355;21:59:32.760285;0;0.1;20;2;500;50
0.249331;D309;8;1;0;0;2020-07-04 21:59:32.510954;21:59:32.760285;0;0.1;20;2;500;50
0.207238;D330;9;1;0;1;2020-07-04 21:59:32.553047;21:59:32.760285;0;0.1;20;2;500;50
0.156856;D331;9;1;0;1;2020-07-04 21:59:32.603429;21:59:32.760285;0;0.1;20;2;500;50
0.106178;D332;9;1;0;1;2020-07-04 21:59:32.654107;21:59:32.760285;0;0.1;20;2;500;50
0.851035;D310;8;1;0;0;2020-07-04 21:59:32.704289;21:59:33.555324;0;0.1;20;2;500;50
0.837661;D311;8;1;0;0;2020-07-04 21:59:32.717663;21:59:33.555324;0;0.1;20;2;500;50
0.633599;D312;8;1;0;0;2020-07-04 21:59:32.921725;21:59:33.555324;0;0.1;20;2;500;50
0.580185;D333;9;1;0;1;2020-07-04 21:59:32.975139;21:59:33.555324;0;0.1;20;2;500;50
0.469014;D313;8;1;0;0;2020-07-04 21:59:33.086310;21:59:33.555324;0;0.1;20;2;500;50
0.422232;D334;9;1;0;1;2020-07-04 21:59:33.133092;21:59:33.555324;0;0.1;20;2;500;50
0.411057;D314;8;1;0;0;2020-07-04 21:59:33.144267;21:59:33.555324;0;0.1;20;2;500;50
0.349043;D335;9;1;0;1;2020-07-04 21:59:33.206281;21:59:33.555324;0;0.1;20;2;500;50
0.330735;D315;8;1;0;0;2020-07-04 21:59:33.224589;21:59:33.555324;0;0.1;20;2;500;50
0.128826;D336;9;1;0;1;2020-07-04 21:59:33.426498;21:59:33.555324;0;0.1;20;2;500;50
0.08291;D337;9;1;0;1;2020-07-04 21:59:33.472414;21:59:33.555324;0;0.1;20;2;500;50
0.438535;D338;9;1;0;1;2020-07-04 21:59:33.538302;21:59:33.976837;0;0.1;20;2;500;50
0.403913;D339;9;1;0;1;2020-07-04 21:59:33.572924;21:59:33.976837;0;0.1;20;2;500;50
0.372112;D340;9;1;0;1;2020-07-04 21:59:33.604725;21:59:33.976837;0;0.1;20;2;500;50
0.357307;D341;9;1;0;1;2020-07-04 21:59:33.619530;21:59:33.976837;0;0.1;20;2;500;50
0.318784;D316;8;1;0;0;2020-07-04 21:59:33.658053;21:59:33.976837;0;0.1;20;2;500;50
0.294666;D317;8;1;0;0;2020-07-04 21:59:33.682171;21:59:33.976837;0;0.1;20;2;500;50
0.267972;D342;9;1;0;1;2020-07-04 21:59:33.708865;21:59:33.976837;0;0.1;20;2;500;50
0.224147;D318;8;1;0;0;2020-07-04 21:59:33.752690;21:59:33.976837;0;0.1;20;2;500;50
0.234018;D343;9;1;0;1;2020-07-04 21:59:33.742819;21:59:33.976837;0;0.1;20;2;500;50
0.194674;D344;9;1;0;1;2020-07-04 21:59:33.782163;21:59:33.976837;0;0.1;20;2;500;50
0.533674;D319;8;1;0;0;2020-07-04 21:59:33.896445;21:59:34.430119;0;0.1;20;2;500;50
0.524848;D345;9;1;0;1;2020-07-04 21:59:33.905271;21:59:34.430119;0;0.1;20;2;500;50
0.46933;D320;8;1;0;0;2020-07-04 21:59:33.960789;21:59:34.430119;0;0.1;20;2;500;50
0.363745;D346;9;1;0;1;2020-07-04 21:59:34.066374;21:59:34.430119;0;0.1;20;2;500;50
0.335572;D321;8;1;0;0;2020-07-04 21:59:34.094547;21:59:34.430119;0;0.1;20;2;500;50
0.276873;D322;8;1;0;0;2020-07-04 21:59:34.153246;21:59:34.430119;0;0.1;20;2;500;50
0.198569;D347;9;1;0;1;2020-07-04 21:59:34.231550;21:59:34.430119;0;0.1;20;2;500;50
0.145017;D348;9;1;0;1;2020-07-04 21:59:34.285102;21:59:34.430119;0;0.1;20;2;500;50
0.11391;D349;9;1;0;1;2020-07-04 21:59:34.316209;21:59:34.430119;0;0.1;20;2;500;50
0.098514;D323;8;1;0;0;2020-07-04 21:59:34.331605;21:59:34.430119;0;0.1;20;2;500;50
0.74542;D324;8;1;0;0;2020-07-04 21:59:34.353950;21:59:35.099370;0;0.1;20;2;500;50
0.608312;D350;9;1;0;1;2020-07-04 21:59:34.491058;21:59:35.099370;0;0.1;20;2;500;50
0.556127;D351;9;1;0;1;2020-07-04 21:59:34.543243;21:59:35.099370;0;0.1;20;2;500;50
0.397242;D325;8;1;0;0;2020-07-04 21:59:34.702128;21:59:35.099370;0;0.1;20;2;500;50
0.338116;D326;8;1;0;0;2020-07-04 21:59:34.761254;21:59:35.099370;0;0.1;20;2;500;50
0.212906;D352;9;1;0;1;2020-07-04 21:59:34.886464;21:59:35.099370;0;0.1;20;2;500;50
0.217352;D327;8;1;0;0;2020-07-04 21:59:34.882018;21:59:35.099370;0;0.1;20;2;500;50
0.183226;D353;9;1;0;1;2020-07-04 21:59:34.916144;21:59:35.099370;0;0.1;20;2;500;50
0.165463;D354;9;1;0;1;2020-07-04 21:59:34.933907;21:59:35.099370;0;0.1;20;2;500;50
0.143935;D328;8;1;0;0;2020-07-04 21:59:34.955435;21:59:35.099370;0;0.1;20;2;500;50
0.085621;D355;9;1;0;1;2020-07-04 21:59:35.013749;21:59:35.099370;0;0.1;20;2;500;50
0.660506;D356;9;1;0;1;2020-07-04 21:59:35.030724;21:59:35.691230;0;0.1;20;2;500;50
0.64061;D357;9;1;0;1;2020-07-04 21:59:35.050620;21:59:35.691230;0;0.1;20;2;500;50
0.637775;D329;8;1;0;0;2020-07-04 21:59:35.053455;21:59:35.691230;0;0.1;20;2;500;50
0.492063;D358;9;1;0;1;2020-07-04 21:59:35.199167;21:59:35.691230;0;0.1;20;2;500;50
0.338516;D359;9;1;0;1;2020-07-04 21:59:35.352714;21:59:35.691230;0;0.1;20;2;500;50
0.335905;D330;8;1;0;0;2020-07-04 21:59:35.355325;21:59:35.691230;0;0.1;20;2;500;50
0.300359;D360;9;1;0;1;2020-07-04 21:59:35.390871;21:59:35.691230;0;0.1;20;2;500;50
0.938273;D331;8;1;0;0;2020-07-04 21:59:35.619208;21:59:36.557481;0;0.1;20;2;500;50
0.792841;D361;9;1;0;1;2020-07-04 21:59:35.764640;21:59:36.557481;0;0.1;20;2;500;50
0.762817;D362;9;1;0;1;2020-07-04 21:59:35.794664;21:59:36.557481;0;0.1;20;2;500;50
0.732984;D332;8;1;0;0;2020-07-04 21:59:35.824497;21:59:36.557481;0;0.1;20;2;500;50
0.620047;D363;9;1;0;1;2020-07-04 21:59:35.937434;21:59:36.557481;0;0.1;20;2;500;50
0.617768;D333;8;1;0;0;2020-07-04 21:59:35.939713;21:59:36.557481;0;0.1;20;2;500;50
0.525985;D334;8;1;0;0;2020-07-04 21:59:36.031496;21:59:36.557481;0;0.1;20;2;500;50
0.351907;D335;8;1;0;0;2020-07-04 21:59:36.205574;21:59:36.557481;0;0.1;20;2;500;50
0.281961;D364;9;1;0;1;2020-07-04 21:59:36.275520;21:59:36.557481;0;0.1;20;2;500;50
0.249429;D336;8;1;0;0;2020-07-04 21:59:36.308052;21:59:36.557481;0;0.1;20;2;500;50
0.213813;D337;8;1;0;0;2020-07-04 21:59:36.343668;21:59:36.557481;0;0.1;20;2;500;50
0.185359;D365;9;1;0;1;2020-07-04 21:59:36.372122;21:59:36.557481;0;0.1;20;2;500;50
0.169071;D338;8;1;0;0;2020-07-04 21:59:36.388410;21:59:36.557481;0;0.1;20;2;500;50
0.14565;D366;9;1;0;1;2020-07-04 21:59:36.411831;21:59:36.557481;0;0.1;20;2;500;50
0.082406;D339;8;1;0;0;2020-07-04 21:59:36.475075;21:59:36.557481;0;0.1;20;2;500;50
0.899868;D340;8;1;0;0;2020-07-04 21:59:36.492419;21:59:37.392287;0;0.1;20;2;500;50
0.828544;D341;8;1;0;0;2020-07-04 21:59:36.563743;21:59:37.392287;0;0.1;20;2;500;50
0.834267;D367;9;1;0;1;2020-07-04 21:59:36.558020;21:59:37.392287;0;0.1;20;2;500;50
0.763487;D368;9;1;0;1;2020-07-04 21:59:36.628800;21:59:37.392287;0;0.1;20;2;500;50
0.74502;D369;9;1;0;1;2020-07-04 21:59:36.647267;21:59:37.392287;0;0.1;20;2;500;50
0.720052;D370;9;1;0;1;2020-07-04 21:59:36.672235;21:59:37.392287;0;0.1;20;2;500;50
0.67233;D342;8;1;0;0;2020-07-04 21:59:36.719957;21:59:37.392287;0;0.1;20;2;500;50
0.635356;D343;8;1;0;0;2020-07-04 21:59:36.756931;21:59:37.392287;0;0.1;20;2;500;50
0.606077;D371;9;1;0;1;2020-07-04 21:59:36.786210;21:59:37.392287;0;0.1;20;2;500;50
0.572527;D372;9;1;0;1;2020-07-04 21:59:36.819760;21:59:37.392287;0;0.1;20;2;500;50
0.490002;D373;9;1;0;1;2020-07-04 21:59:36.902285;21:59:37.392287;0;0.1;20;2;500;50
0.442275;D344;8;1;0;0;2020-07-04 21:59:36.950012;21:59:37.392287;0;0.1;20;2;500;50
0.367042;D374;9;1;0;1;2020-07-04 21:59:37.025245;21:59:37.392287;0;0.1;20;2;500;50
0.327811;D345;8;1;0;0;2020-07-04 21:59:37.064476;21:59:37.392287;0;0.1;20;2;500;50
0.128491;D375;9;1;0;1;2020-07-04 21:59:37.263796;21:59:37.392287;0;0.1;20;2;500;50
0.701047;D376;9;1;0;1;2020-07-04 21:59:37.337366;21:59:38.038413;0;0.1;20;2;500;50
0.670701;D346;8;1;0;0;2020-07-04 21:59:37.367712;21:59:38.038413;0;0.1;20;2;500;50
0.670439;D377;9;1;0;1;2020-07-04 21:59:37.367974;21:59:38.038413;0;0.1;20;2;500;50
0.633375;D347;8;1;0;0;2020-07-04 21:59:37.405038;21:59:38.038413;0;0.1;20;2;500;50
0.599656;D348;8;1;0;0;2020-07-04 21:59:37.438757;21:59:38.038413;0;0.1;20;2;500;50
0.429983;D349;8;1;0;0;2020-07-04 21:59:37.608430;21:59:38.038413;0;0.1;20;2;500;50
0.421693;D378;9;1;0;1;2020-07-04 21:59:37.616720;21:59:38.038413;0;0.1;20;2;500;50
0.387438;D379;9;1;0;1;2020-07-04 21:59:37.650975;21:59:38.038413;0;0.1;20;2;500;50
0.364799;D380;9;1;0;1;2020-07-04 21:59:37.673614;21:59:38.038413;0;0.1;20;2;500;50
0.282208;D381;9;1;0;1;2020-07-04 21:59:37.756205;21:59:38.038413;0;0.1;20;2;500;50
0.270135;D350;8;1;0;0;2020-07-04 21:59:37.768278;21:59:38.038413;0;0.1;20;2;500;50
0.270983;D382;9;1;0;1;2020-07-04 21:59:37.767430;21:59:38.038413;0;0.1;20;2;500;50
0.22549;D383;9;1;0;1;2020-07-04 21:59:37.812923;21:59:38.038413;0;0.1;20;2;500;50
0.099835;D351;8;1;0;0;2020-07-04 21:59:37.938578;21:59:38.038413;0;0.1;20;2;500;50
0.553429;D384;9;1;0;1;2020-07-04 21:59:37.969246;21:59:38.522675;0;0.1;20;2;500;50
0.536006;D352;8;1;0;0;2020-07-04 21:59:37.986669;21:59:38.522675;0;0.1;20;2;500;50
0.526576;D353;8;1;0;0;2020-07-04 21:59:37.996099;21:59:38.522675;0;0.1;20;2;500;50
0.506733;D385;9;1;0;1;2020-07-04 21:59:38.015942;21:59:38.522675;0;0.1;20;2;500;50
0.438233;D386;9;1;0;1;2020-07-04 21:59:38.084442;21:59:38.522675;0;0.1;20;2;500;50
0.414088;D354;8;1;0;0;2020-07-04 21:59:38.108587;21:59:38.522675;0;0.1;20;2;500;50
0.350091;D387;9;1;0;1;2020-07-04 21:59:38.172584;21:59:38.522675;0;0.1;20;2;500;50
0.338675;D355;8;1;0;0;2020-07-04 21:59:38.184000;21:59:38.522675;0;0.1;20;2;500;50
0.292682;D388;9;1;0;1;2020-07-04 21:59:38.229993;21:59:38.522675;0;0.1;20;2;500;50
0.254568;D356;8;1;0;0;2020-07-04 21:59:38.268107;21:59:38.522675;0;0.1;20;2;500;50
0.188786;D389;9;1;0;1;2020-07-04 21:59:38.333889;21:59:38.522675;0;0.1;20;2;500;50
0.080879;D390;9;1;0;1;2020-07-04 21:59:38.441796;21:59:38.522675;0;0.1;20;2;500;50
0.552179;D357;8;1;0;0;2020-07-04 21:59:38.514720;21:59:39.066899;0;0.1;20;2;500;50
0.514317;D391;9;1;0;1;2020-07-04 21:59:38.552582;21:59:39.066899;0;0.1;20;2;500;50
0.361846;D392;9;1;0;1;2020-07-04 21:59:38.705053;21:59:39.066899;0;0.1;20;2;500;50
0.326684;D358;8;1;0;0;2020-07-04 21:59:38.740215;21:59:39.066899;0;0.1;20;2;500;50
0.28488;D359;8;1;0;0;2020-07-04 21:59:38.782019;21:59:39.066899;0;0.1;20;2;500;50
0.225619;D360;8;1;0;0;2020-07-04 21:59:38.841280;21:59:39.066899;0;0.1;20;2;500;50
0.128865;D393;9;1;0;1;2020-07-04 21:59:38.938034;21:59:39.066899;0;0.1;20;2;500;50
0.110206;D394;9;1;0;1;2020-07-04 21:59:38.956693;21:59:39.066899;0;0.1;20;2;500;50
0.086697;D361;8;1;0;0;2020-07-04 21:59:38.980202;21:59:39.066899;0;0.1;20;2;500;50
0.086079;D395;9;1;0;1;2020-07-04 21:59:38.980820;21:59:39.066899;0;0.1;20;2;500;50
0.476863;D362;8;1;0;0;2020-07-04 21:59:39.058680;21:59:39.535543;0;0.1;20;2;500;50
0.469878;D396;9;1;0;1;2020-07-04 21:59:39.065665;21:59:39.535543;0;0.1;20;2;500;50
0.46444;D363;8;1;0;0;2020-07-04 21:59:39.071103;21:59:39.535543;0;0.1;20;2;500;50
0.336337;D397;9;1;0;1;2020-07-04 21:59:39.199206;21:59:39.535543;0;0.1;20;2;500;50
0.262915;D364;8;1;0;0;2020-07-04 21:59:39.272628;21:59:39.535543;0;0.1;20;2;500;50
0.246539;D365;8;1;0;0;2020-07-04 21:59:39.289004;21:59:39.535543;0;0.1;20;2;500;50
0.193744;D366;8;1;0;0;2020-07-04 21:59:39.341799;21:59:39.535543;0;0.1;20;2;500;50
0.114746;D367;8;1;0;0;2020-07-04 21:59:39.420797;21:59:39.535543;0;0.1;20;2;500;50
0.102198;D398;9;1;0;1;2020-07-04 21:59:39.433345;21:59:39.535543;0;0.1;20;2;500;50
0.495327;D368;8;1;0;0;2020-07-04 21:59:39.515492;21:59:40.010819;0;0.1;20;2;500;50
0.489336;D369;8;1;0;0;2020-07-04 21:59:39.521483;21:59:40.010819;0;0.1;20;2;500;50
0.38681;D370;8;1;0;0;2020-07-04 21:59:39.624009;21:59:40.010819;0;0.1;20;2;500;50
0.362554;D371;8;1;0;0;2020-07-04 21:59:39.648265;21:59:40.010819;0;0.1;20;2;500;50
0.28932;D372;8;1;0;0;2020-07-04 21:59:39.721499;21:59:40.010819;0;0.1;20;2;500;50
0.24876;D373;8;1;0;0;2020-07-04 21:59:39.762059;21:59:40.010819;0;0.1;20;2;500;50
0.239758;D399;9;1;0;1;2020-07-04 21:59:39.771061;21:59:40.010819;0;0.1;20;2;500;50
0.199365;D400;9;1;0;1;2020-07-04 21:59:39.811454;21:59:40.010819;0;0.1;20;2;500;50
0.169079;D401;9;1;0;1;2020-07-04 21:59:39.841740;21:59:40.010819;0;0.1;20;2;500;50
0.151316;D402;9;1;0;1;2020-07-04 21:59:39.859503;21:59:40.010819;0;0.1;20;2;500;50
0.63717;D403;9;1;0;1;2020-07-04 21:59:39.925700;21:59:40.562870;0;0.1;20;2;500;50
0.59229;D404;9;1;0;1;2020-07-04 21:59:39.970580;21:59:40.562870;0;0.1;20;2;500;50
0.55546;D405;9;1;0;1;2020-07-04 21:59:40.007410;21:59:40.562870;0;0.1;20;2;500;50
0.472302;D406;9;1;0;1;2020-07-04 21:59:40.090568;21:59:40.562870;0;0.1;20;2;500;50
0.286207;D407;9;1;0;1;2020-07-04 21:59:40.276663;21:59:40.562870;0;0.1;20;2;500;50
0.275556;D374;8;1;0;0;2020-07-04 21:59:40.287314;21:59:40.562870;0;0.1;20;2;500;50
0.243593;D375;8;1;0;0;2020-07-04 21:59:40.319277;21:59:40.562870;0;0.1;20;2;500;50
0.243946;D408;9;1;0;1;2020-07-04 21:59:40.318924;21:59:40.562870;0;0.1;20;2;500;50
0.085936;D409;9;1;0;1;2020-07-04 21:59:40.476934;21:59:40.562870;0;0.1;20;2;500;50
0.086319;D376;8;1;0;0;2020-07-04 21:59:40.476551;21:59:40.562870;0;0.1;20;2;500;50
0.669346;D377;8;1;0;0;2020-07-04 21:59:40.524130;21:59:41.193476;0;0.1;20;2;500;50
0.660136;D410;9;1;0;1;2020-07-04 21:59:40.533340;21:59:41.193476;0;0.1;20;2;500;50
0.634945;D411;9;1;0;1;2020-07-04 21:59:40.558531;21:59:41.193476;0;0.1;20;2;500;50
0.601251;D378;8;1;0;0;2020-07-04 21:59:40.592225;21:59:41.193476;0;0.1;20;2;500;50
0.442098;D412;9;1;0;1;2020-07-04 21:59:40.751378;21:59:41.193476;0;0.1;20;2;500;50
0.394975;D379;8;1;0;0;2020-07-04 21:59:40.798501;21:59:41.193476;0;0.1;20;2;500;50
0.374719;D380;8;1;0;0;2020-07-04 21:59:40.818757;21:59:41.193476;0;0.1;20;2;500;50
0.310896;D413;9;1;0;1;2020-07-04 21:59:40.882580;21:59:41.193476;0;0.1;20;2;500;50
0.192243;D381;8;1;0;0;2020-07-04 21:59:41.001233;21:59:41.193476;0;0.1;20;2;500;50
0.080141;D382;8;1;0;0;2020-07-04 21:59:41.113335;21:59:41.193476;0;0.1;20;2;500;50
0.777466;D383;8;1;0;0;2020-07-04 21:59:41.162695;21:59:41.940161;0;0.1;20;2;500;50
0.723795;D384;8;1;0;0;2020-07-04 21:59:41.216366;21:59:41.940161;0;0.1;20;2;500;50
0.671458;D385;8;1;0;0;2020-07-04 21:59:41.268703;21:59:41.940161;0;0.1;20;2;500;50
0.665984;D414;9;1;0;1;2020-07-04 21:59:41.274177;21:59:41.940161;0;0.1;20;2;500;50
0.551475;D386;8;1;0;0;2020-07-04 21:59:41.388686;21:59:41.940161;0;0.1;20;2;500;50
0.504873;D415;9;1;0;1;2020-07-04 21:59:41.435288;21:59:41.940161;0;0.1;20;2;500;50
0.322827;D387;8;1;0;0;2020-07-04 21:59:41.617334;21:59:41.940161;0;0.1;20;2;500;50
0.28554;D416;9;1;0;1;2020-07-04 21:59:41.654621;21:59:41.940161;0;0.1;20;2;500;50
0.233224;D417;9;1;0;1;2020-07-04 21:59:41.706937;21:59:41.940161;0;0.1;20;2;500;50
0.479899;D388;8;1;0;0;2020-07-04 21:59:41.897551;21:59:42.377450;0;0.1;20;2;500;50
0.403567;D418;9;1;0;1;2020-07-04 21:59:41.973883;21:59:42.377450;0;0.1;20;2;500;50
0.286302;D389;8;1;0;0;2020-07-04 21:59:42.091148;21:59:42.377450;0;0.1;20;2;500;50
0.272228;D419;9;1;0;1;2020-07-04 21:59:42.105222;21:59:42.377450;0;0.1;20;2;500;50
0.246102;D390;8;1;0;0;2020-07-04 21:59:42.131348;21:59:42.377450;0;0.1;20;2;500;50
0.230519;D391;8;1;0;0;2020-07-04 21:59:42.146931;21:59:42.377450;0;0.1;20;2;500;50
0.181532;D392;8;1;0;0;2020-07-04 21:59:42.195918;21:59:42.377450;0;0.1;20;2;500;50
0.187726;D420;9;1;0;1;2020-07-04 21:59:42.189724;21:59:42.377450;0;0.1;20;2;500;50
0.136433;D393;8;1;0;0;2020-07-04 21:59:42.241017;21:59:42.377450;0;0.1;20;2;500;50
0.580949;D394;8;1;0;0;2020-07-04 21:59:42.370677;21:59:42.951626;0;0.1;20;2;500;50
0.57653;D421;9;1;0;1;2020-07-04 21:59:42.375096;21:59:42.951626;0;0.1;20;2;500;50
0.562715;D422;9;1;0;1;2020-07-04 21:59:42.388911;21:59:42.951626;0;0.1;20;2;500;50
0.537218;D423;9;1;0;1;2020-07-04 21:59:42.414408;21:59:42.951626;0;0.1;20;2;500;50
0.540917;D395;8;1;0;0;2020-07-04 21:59:42.410709;21:59:42.951626;0;0.1;20;2;500;50
0.500421;D424;9;1;0;1;2020-07-04 21:59:42.451205;21:59:42.951626;0;0.1;20;2;500;50
0.475448;D425;9;1;0;1;2020-07-04 21:59:42.476178;21:59:42.951626;0;0.1;20;2;500;50
0.387526;D426;9;1;0;1;2020-07-04 21:59:42.564100;21:59:42.951626;0;0.1;20;2;500;50
0.35651;D427;9;1;0;1;2020-07-04 21:59:42.595116;21:59:42.951626;0;0.1;20;2;500;50
0.282456;D428;9;1;0;1;2020-07-04 21:59:42.669170;21:59:42.951626;0;0.1;20;2;500;50
0.150037;D396;8;1;0;0;2020-07-04 21:59:42.801589;21:59:42.951626;0;0.1;20;2;500;50
0.630971;D397;8;1;0;0;2020-07-04 21:59:42.898625;21:59:43.529596;0;0.1;20;2;500;50
0.59426;D398;8;1;0;0;2020-07-04 21:59:42.935336;21:59:43.529596;0;0.1;20;2;500;50
0.471446;D399;8;1;0;0;2020-07-04 21:59:43.058150;21:59:43.529596;0;0.1;20;2;500;50
0.453298;D429;9;1;0;1;2020-07-04 21:59:43.076298;21:59:43.529596;0;0.1;20;2;500;50
0.416773;D400;8;1;0;0;2020-07-04 21:59:43.112823;21:59:43.529596;0;0.1;20;2;500;50
0.356188;D430;9;1;0;1;2020-07-04 21:59:43.173408;21:59:43.529596;0;0.1;20;2;500;50
0.299006;D401;8;1;0;0;2020-07-04 21:59:43.230590;21:59:43.529596;0;0.1;20;2;500;50
0.277672;D431;9;1;0;1;2020-07-04 21:59:43.251924;21:59:43.529596;0;0.1;20;2;500;50
0.261956;D402;8;1;0;0;2020-07-04 21:59:43.267640;21:59:43.529596;0;0.1;20;2;500;50
0.183058;D432;9;1;0;1;2020-07-04 21:59:43.346538;21:59:43.529596;0;0.1;20;2;500;50
0.145105;D403;8;1;0;0;2020-07-04 21:59:43.384491;21:59:43.529596;0;0.1;20;2;500;50
0.089392;D433;9;1;0;1;2020-07-04 21:59:43.440204;21:59:43.529596;0;0.1;20;2;500;50
0.62862;D404;8;1;0;0;2020-07-04 21:59:43.475396;21:59:44.104016;0;0.1;20;2;500;50
0.598631;D434;9;1;0;1;2020-07-04 21:59:43.505385;21:59:44.104016;0;0.1;20;2;500;50
0.554682;D435;9;1;0;1;2020-07-04 21:59:43.549334;21:59:44.104016;0;0.1;20;2;500;50
0.438502;D405;8;1;0;0;2020-07-04 21:59:43.665514;21:59:44.104016;0;0.1;20;2;500;50
0.363932;D406;8;1;0;0;2020-07-04 21:59:43.740084;21:59:44.104016;0;0.1;20;2;500;50
0.281584;D407;8;1;0;0;2020-07-04 21:59:43.822432;21:59:44.104016;0;0.1;20;2;500;50
0.533249;D436;9;1;0;1;2020-07-04 21:59:44.044898;21:59:44.578147;0;0.1;20;2;500;50
0.428167;D437;9;1;0;1;2020-07-04 21:59:44.149980;21:59:44.578147;0;0.1;20;2;500;50
0.395919;D438;9;1;0;1;2020-07-04 21:59:44.182228;21:59:44.578147;0;0.1;20;2;500;50
0.317087;D439;9;1;0;1;2020-07-04 21:59:44.261060;21:59:44.578147;0;0.1;20;2;500;50
0.16889;D408;8;1;0;0;2020-07-04 21:59:44.409257;21:59:44.578147;0;0.1;20;2;500;50
0.164967;D440;9;1;0;1;2020-07-04 21:59:44.413180;21:59:44.578147;0;0.1;20;2;500;50
0.140477;D409;8;1;0;0;2020-07-04 21:59:44.437670;21:59:44.578147;0;0.1;20;2;500;50
0.114814;D441;9;1;0;1;2020-07-04 21:59:44.463333;21:59:44.578147;0;0.1;20;2;500;50
0.64596;D442;9;1;0;1;2020-07-04 21:59:44.541541;21:59:45.187501;0;0.1;20;2;500;50
0.527366;D410;8;1;0;0;2020-07-04 21:59:44.660135;21:59:45.187501;0;0.1;20;2;500;50
0.427953;D443;9;1;0;1;2020-07-04 21:59:44.759548;21:59:45.187501;0;0.1;20;2;500;50
0.368732;D411;8;1;0;0;2020-07-04 21:59:44.818769;21:59:45.187501;0;0.1;20;2;500;50
0.34486;D412;8;1;0;0;2020-07-04 21:59:44.842641;21:59:45.187501;0;0.1;20;2;500;50
0.33511;D444;9;1;0;1;2020-07-04 21:59:44.852391;21:59:45.187501;0;0.1;20;2;500;50
0.319775;D413;8;1;0;0;2020-07-04 21:59:44.867726;21:59:45.187501;0;0.1;20;2;500;50
0.284595;D414;8;1;0;0;2020-07-04 21:59:44.902906;21:59:45.187501;0;0.1;20;2;500;50
0.280456;D415;8;1;0;0;2020-07-04 21:59:44.907045;21:59:45.187501;0;0.1;20;2;500;50
0.605953;D445;9;1;0;1;2020-07-04 21:59:45.109369;21:59:45.715322;0;0.1;20;2;500;50
0.569446;D446;9;1;0;1;2020-07-04 21:59:45.145876;21:59:45.715322;0;0.1;20;2;500;50
0.560937;D416;8;1;0;0;2020-07-04 21:59:45.154385;21:59:45.715322;0;0.1;20;2;500;50
0.498947;D447;9;1;0;1;2020-07-04 21:59:45.216375;21:59:45.715322;0;0.1;20;2;500;50
0.4404;D448;9;1;0;1;2020-07-04 21:59:45.274922;21:59:45.715322;0;0.1;20;2;500;50
0.415348;D417;8;1;0;0;2020-07-04 21:59:45.299974;21:59:45.715322;0;0.1;20;2;500;50
0.362816;D418;8;1;0;0;2020-07-04 21:59:45.352506;21:59:45.715322;0;0.1;20;2;500;50
0.347744;D419;8;1;0;0;2020-07-04 21:59:45.367578;21:59:45.715322;0;0.1;20;2;500;50
0.276727;D449;9;1;0;1;2020-07-04 21:59:45.438595;21:59:45.715322;0;0.1;20;2;500;50
0.259319;D420;8;1;0;0;2020-07-04 21:59:45.456003;21:59:45.715322;0;0.1;20;2;500;50
0.175105;D421;8;1;0;0;2020-07-04 21:59:45.540217;21:59:45.715322;0;0.1;20;2;500;50
0.085597;D450;9;1;0;1;2020-07-04 21:59:45.629725;21:59:45.715322;0;0.1;20;2;500;50
0.505957;D451;9;1;0;1;2020-07-04 21:59:45.678165;21:59:46.184122;0;0.1;20;2;500;50
0.369243;D452;9;1;0;1;2020-07-04 21:59:45.814879;21:59:46.184122;0;0.1;20;2;500;50
0.300127;D422;8;1;0;0;2020-07-04 21:59:45.883995;21:59:46.184122;0;0.1;20;2;500;50
0.272771;D423;8;1;0;0;2020-07-04 21:59:45.911351;21:59:46.184122;0;0.1;20;2;500;50
0.17569;D424;8;1;0;0;2020-07-04 21:59:46.008432;21:59:46.184122;0;0.1;20;2;500;50
0.158581;D453;9;1;0;1;2020-07-04 21:59:46.025541;21:59:46.184122;0;0.1;20;2;500;50
0.16019;D425;8;1;0;0;2020-07-04 21:59:46.023932;21:59:46.184122;0;0.1;20;2;500;50
0.128846;D426;8;1;0;0;2020-07-04 21:59:46.055276;21:59:46.184122;0;0.1;20;2;500;50
0.107224;D454;9;1;0;1;2020-07-04 21:59:46.076898;21:59:46.184122;0;0.1;20;2;500;50
0.082859;D455;9;1;0;1;2020-07-04 21:59:46.101263;21:59:46.184122;0;0.1;20;2;500;50
0.66528;D456;9;1;0;1;2020-07-04 21:59:46.137499;21:59:46.802779;0;0.1;20;2;500;50
0.62256;D457;9;1;0;1;2020-07-04 21:59:46.180219;21:59:46.802779;0;0.1;20;2;500;50
0.589198;D427;8;1;0;0;2020-07-04 21:59:46.213581;21:59:46.802779;0;0.1;20;2;500;50
0.536031;D458;9;1;0;1;2020-07-04 21:59:46.266748;21:59:46.802779;0;0.1;20;2;500;50
0.509524;D459;9;1;0;1;2020-07-04 21:59:46.293255;21:59:46.802779;0;0.1;20;2;500;50
0.484935;D460;9;1;0;1;2020-07-04 21:59:46.317844;21:59:46.802779;0;0.1;20;2;500;50
0.420431;D461;9;1;0;1;2020-07-04 21:59:46.382348;21:59:46.802779;0;0.1;20;2;500;50
0.309285;D428;8;1;0;0;2020-07-04 21:59:46.493494;21:59:46.802779;0;0.1;20;2;500;50
0.263109;D462;9;1;0;1;2020-07-04 21:59:46.539670;21:59:46.802779;0;0.1;20;2;500;50
0.192073;D429;8;1;0;0;2020-07-04 21:59:46.610706;21:59:46.802779;0;0.1;20;2;500;50
0.15522;D463;9;1;0;1;2020-07-04 21:59:46.647559;21:59:46.802779;0;0.1;20;2;500;50
0.747861;D464;9;1;0;1;2020-07-04 21:59:46.789123;21:59:47.536984;0;0.1;20;2;500;50
0.634633;D465;9;1;0;1;2020-07-04 21:59:46.902351;21:59:47.536984;0;0.1;20;2;500;50
0.619755;D430;8;1;0;0;2020-07-04 21:59:46.917229;21:59:47.536984;0;0.1;20;2;500;50
0.607033;D466;9;1;0;1;2020-07-04 21:59:46.929951;21:59:47.536984;0;0.1;20;2;500;50
0.498278;D431;8;1;0;0;2020-07-04 21:59:47.038706;21:59:47.536984;0;0.1;20;2;500;50
0.451486;D432;8;1;0;0;2020-07-04 21:59:47.085498;21:59:47.536984;0;0.1;20;2;500;50
0.311494;D467;9;1;0;1;2020-07-04 21:59:47.225490;21:59:47.536984;0;0.1;20;2;500;50
0.272182;D433;8;1;0;0;2020-07-04 21:59:47.264802;21:59:47.536984;0;0.1;20;2;500;50
0.20171;D468;9;1;0;1;2020-07-04 21:59:47.335274;21:59:47.536984;0;0.1;20;2;500;50
0.135489;D434;8;1;0;0;2020-07-04 21:59:47.401495;21:59:47.536984;0;0.1;20;2;500;50
0.090749;D435;8;1;0;0;2020-07-04 21:59:47.446235;21:59:47.536984;0;0.1;20;2;500;50
0.666137;D436;8;1;0;0;2020-07-04 21:59:47.495705;21:59:48.161842;0;0.1;20;2;500;50
0.584568;D469;9;1;0;1;2020-07-04 21:59:47.577274;21:59:48.161842;0;0.1;20;2;500;50
0.557951;D437;8;1;0;0;2020-07-04 21:59:47.603891;21:59:48.161842;0;0.1;20;2;500;50
0.502421;D438;8;1;0;0;2020-07-04 21:59:47.659421;21:59:48.161842;0;0.1;20;2;500;50
0.48906;D470;9;1;0;1;2020-07-04 21:59:47.672782;21:59:48.161842;0;0.1;20;2;500;50
0.388566;D439;8;1;0;0;2020-07-04 21:59:47.773276;21:59:48.161842;0;0.1;20;2;500;50
0.393821;D471;9;1;0;1;2020-07-04 21:59:47.768021;21:59:48.161842;0;0.1;20;2;500;50
0.275649;D472;9;1;0;1;2020-07-04 21:59:47.886193;21:59:48.161842;0;0.1;20;2;500;50
0.261456;D440;8;1;0;0;2020-07-04 21:59:47.900386;21:59:48.161842;0;0.1;20;2;500;50
0.247306;D473;9;1;0;1;2020-07-04 21:59:47.914536;21:59:48.161842;0;0.1;20;2;500;50
0.231195;D441;8;1;0;0;2020-07-04 21:59:47.930647;21:59:48.161842;0;0.1;20;2;500;50
0.217207;D474;9;1;0;1;2020-07-04 21:59:47.944635;21:59:48.161842;0;0.1;20;2;500;50
0.194344;D442;8;1;0;0;2020-07-04 21:59:47.967498;21:59:48.161842;0;0.1;20;2;500;50
0.109892;D475;9;1;0;1;2020-07-04 21:59:48.051950;21:59:48.161842;0;0.1;20;2;500;50
0.49448;D443;8;1;0;0;2020-07-04 21:59:48.134534;21:59:48.629014;0;0.1;20;2;500;50
0.457204;D476;9;1;0;1;2020-07-04 21:59:48.171810;21:59:48.629014;0;0.1;20;2;500;50
0.423287;D444;8;1;0;0;2020-07-04 21:59:48.205727;21:59:48.629014;0;0.1;20;2;500;50
0.400156;D477;9;1;0;1;2020-07-04 21:59:48.228858;21:59:48.629014;0;0.1;20;2;500;50
0.321192;D478;9;1;0;1;2020-07-04 21:59:48.307822;21:59:48.629014;0;0.1;20;2;500;50
0.311475;D445;8;1;0;0;2020-07-04 21:59:48.317539;21:59:48.629014;0;0.1;20;2;500;50
0.299919;D446;8;1;0;0;2020-07-04 21:59:48.329095;21:59:48.629014;0;0.1;20;2;500;50
0.288894;D479;9;1;0;1;2020-07-04 21:59:48.340120;21:59:48.629014;0;0.1;20;2;500;50
0.267158;D480;9;1;0;1;2020-07-04 21:59:48.361856;21:59:48.629014;0;0.1;20;2;500;50
0.178396;D481;9;1;0;1;2020-07-04 21:59:48.450618;21:59:48.629014;0;0.1;20;2;500;50
0.167765;D482;9;1;0;1;2020-07-04 21:59:48.461249;21:59:48.629014;0;0.1;20;2;500;50
0.130679;D483;9;1;0;1;2020-07-04 21:59:48.498335;21:59:48.629014;0;0.1;20;2;500;50
0.103664;D447;8;1;0;0;2020-07-04 21:59:48.525350;21:59:48.629014;0;0.1;20;2;500;50
0.721881;D448;8;1;0;0;2020-07-04 21:59:48.546482;21:59:49.268363;0;0.1;20;2;500;50
0.673577;D484;9;1;0;1;2020-07-04 21:59:48.594786;21:59:49.268363;0;0.1;20;2;500;50
0.642768;D449;8;1;0;0;2020-07-04 21:59:48.625595;21:59:49.268363;0;0.1;20;2;500;50
0.595563;D450;8;1;0;0;2020-07-04 21:59:48.672800;21:59:49.268363;0;0.1;20;2;500;50
0.576224;D485;9;1;0;1;2020-07-04 21:59:48.692139;21:59:49.268363;0;0.1;20;2;500;50
0.450187;D486;9;1;0;1;2020-07-04 21:59:48.818176;21:59:49.268363;0;0.1;20;2;500;50
0.396364;D451;8;1;0;0;2020-07-04 21:59:48.871999;21:59:49.268363;0;0.1;20;2;500;50
0.35682;D452;8;1;0;0;2020-07-04 21:59:48.911543;21:59:49.268363;0;0.1;20;2;500;50
0.351465;D487;9;1;0;1;2020-07-04 21:59:48.916898;21:59:49.268363;0;0.1;20;2;500;50
0.313577;D453;8;1;0;0;2020-07-04 21:59:48.954786;21:59:49.268363;0;0.1;20;2;500;50
0.20083;D454;8;1;0;0;2020-07-04 21:59:49.067533;21:59:49.268363;0;0.1;20;2;500;50
0.120952;D488;9;1;0;1;2020-07-04 21:59:49.147411;21:59:49.268363;0;0.1;20;2;500;50
0.085514;D455;8;1;0;0;2020-07-04 21:59:49.182849;21:59:49.268363;0;0.1;20;2;500;50
0.484855;D489;9;1;0;1;2020-07-04 21:59:49.198115;21:59:49.682970;0;0.1;20;2;500;50
0.444413;D456;8;1;0;0;2020-07-04 21:59:49.238557;21:59:49.682970;0;0.1;20;2;500;50
0.358426;D490;9;1;0;1;2020-07-04 21:59:49.324544;21:59:49.682970;0;0.1;20;2;500;50
0.344345;D491;9;1;0;1;2020-07-04 21:59:49.338625;21:59:49.682970;0;0.1;20;2;500;50
0.321994;D457;8;1;0;0;2020-07-04 21:59:49.360976;21:59:49.682970;0;0.1;20;2;500;50
0.2958;D492;9;1;0;1;2020-07-04 21:59:49.387170;21:59:49.682970;0;0.1;20;2;500;50
0.585391;D458;8;1;0;0;2020-07-04 21:59:49.615465;21:59:50.200856;0;0.1;20;2;500;50
0.565175;D493;9;1;0;1;2020-07-04 21:59:49.636784;21:59:50.201959;0;0.1;20;2;500;50
0.489685;D459;8;1;0;0;2020-07-04 21:59:49.710066;21:59:50.199751;0;0.1;20;2;500;50
0.486762;D494;9;1;0;1;2020-07-04 21:59:49.712989;21:59:50.199751;0;0.1;20;2;500;50
0.457939;D495;9;1;0;1;2020-07-04 21:59:49.741812;21:59:50.199751;0;0.1;20;2;500;50
0.420536;D460;8;1;0;0;2020-07-04 21:59:49.780320;21:59:50.200856;0;0.1;20;2;500;50
0.365654;D461;8;1;0;0;2020-07-04 21:59:49.834097;21:59:50.199751;0;0.1;20;2;500;50
0.309259;D462;8;1;0;0;2020-07-04 21:59:49.889382;21:59:50.198641;0;0.1;20;2;500;50
0.176057;D463;8;1;0;0;2020-07-04 21:59:50.024799;21:59:50.200856;0;0.1;20;2;500;50
0.179533;D496;9;1;0;1;2020-07-04 21:59:50.022426;21:59:50.201959;0;0.1;20;2;500;50
0.651914;D464;8;1;0;0;2020-07-04 21:59:50.136847;21:59:50.788761;0;0.1;20;2;500;50
0.555604;D465;8;1;0;0;2020-07-04 21:59:50.233157;21:59:50.788761;0;0.1;20;2;500;50
0.429634;D497;9;1;0;1;2020-07-04 21:59:50.359127;21:59:50.788761;0;0.1;20;2;500;50
0.430102;D466;8;1;0;0;2020-07-04 21:59:50.358659;21:59:50.788761;0;0.1;20;2;500;50
0.381876;D498;9;1;0;1;2020-07-04 21:59:50.406885;21:59:50.788761;0;0.1;20;2;500;50
0.367405;D499;9;1;0;1;2020-07-04 21:59:50.421356;21:59:50.788761;0;0.1;20;2;500;50
0.280133;D467;8;1;0;0;2020-07-04 21:59:50.508628;21:59:50.788761;0;0.1;20;2;500;50
0.221027;D500;9;1;0;1;2020-07-04 21:59:50.567734;21:59:50.788761;0;0.1;20;2;500;50
0.082727;D501;9;1;0;1;2020-07-04 21:59:50.706034;21:59:50.788761;0;0.1;20;2;500;50
0.673027;D468;8;1;0;0;2020-07-04 21:59:50.732651;21:59:51.405678;0;0.1;20;2;500;50
0.503114;D469;8;1;0;0;2020-07-04 21:59:50.902564;21:59:51.405678;0;0.1;20;2;500;50
0.480542;D470;8;1;0;0;2020-07-04 21:59:50.925136;21:59:51.405678;0;0.1;20;2;500;50
0.264578;D471;8;1;0;0;2020-07-04 21:59:51.141100;21:59:51.405678;0;0.1;20;2;500;50
0.212477;D502;9;1;0;1;2020-07-04 21:59:51.193201;21:59:51.405678;0;0.1;20;2;500;50
0.193512;D503;9;1;0;1;2020-07-04 21:59:51.212166;21:59:51.405678;0;0.1;20;2;500;50
0.172965;D504;9;1;0;1;2020-07-04 21:59:51.232713;21:59:51.405678;0;0.1;20;2;500;50
0.09699;D505;9;1;0;1;2020-07-04 21:59:51.308688;21:59:51.405678;0;0.1;20;2;500;50
0.424401;D472;8;1;0;0;2020-07-04 21:59:51.415795;21:59:51.840196;0;0.1;20;2;500;50
0.415867;D506;9;1;0;1;2020-07-04 21:59:51.424329;21:59:51.840196;0;0.1;20;2;500;50
0.401275;D473;8;1;0;0;2020-07-04 21:59:51.438921;21:59:51.840196;0;0.1;20;2;500;50
0.313916;D474;8;1;0;0;2020-07-04 21:59:51.526280;21:59:51.840196;0;0.1;20;2;500;50
0.24173;D507;9;1;0;1;2020-07-04 21:59:51.598466;21:59:51.840196;0;0.1;20;2;500;50
0.132928;D508;9;1;0;1;2020-07-04 21:59:51.707268;21:59:51.840196;0;0.1;20;2;500;50
0.632356;D475;8;1;0;0;2020-07-04 21:59:51.803503;21:59:52.435859;0;0.1;20;2;500;50
0.567753;D476;8;1;0;0;2020-07-04 21:59:51.868106;21:59:52.435859;0;0.1;20;2;500;50
0.57119;D509;9;1;0;1;2020-07-04 21:59:51.864669;21:59:52.435859;0;0.1;20;2;500;50
0.329201;D477;8;1;0;0;2020-07-04 21:59:52.106658;21:59:52.435859;0;0.1;20;2;500;50
0.251322;D478;8;1;0;0;2020-07-04 21:59:52.184537;21:59:52.435859;0;0.1;20;2;500;50
0.241145;D510;9;1;0;1;2020-07-04 21:59:52.194714;21:59:52.435859;0;0.1;20;2;500;50
0.177232;D479;8;1;0;0;2020-07-04 21:59:52.258627;21:59:52.435859;0;0.1;20;2;500;50
0.16778;D480;8;1;0;0;2020-07-04 21:59:52.268079;21:59:52.435859;0;0.1;20;2;500;50
0.090399;D481;8;1;0;0;2020-07-04 21:59:52.345460;21:59:52.435859;0;0.1;20;2;500;50
0.794098;D482;8;1;0;0;2020-07-04 21:59:52.374742;21:59:53.168840;0;0.1;20;2;500;50
0.708337;D511;9;1;0;1;2020-07-04 21:59:52.460503;21:59:53.168840;0;0.1;20;2;500;50
0.693899;D512;9;1;0;1;2020-07-04 21:59:52.474941;21:59:53.168840;0;0.1;20;2;500;50
0.611881;D483;8;1;0;0;2020-07-04 21:59:52.556959;21:59:53.168840;0;0.1;20;2;500;50
0.581373;D484;8;1;0;0;2020-07-04 21:59:52.587467;21:59:53.168840;0;0.1;20;2;500;50
0.528437;D513;9;1;0;1;2020-07-04 21:59:52.640403;21:59:53.168840;0;0.1;20;2;500;50
0.468801;D485;8;1;0;0;2020-07-04 21:59:52.700039;21:59:53.168840;0;0.1;20;2;500;50
0.412453;D514;9;1;0;1;2020-07-04 21:59:52.756387;21:59:53.168840;0;0.1;20;2;500;50
0.313252;D486;8;1;0;0;2020-07-04 21:59:52.855588;21:59:53.168840;0;0.1;20;2;500;50
0.280352;D515;9;1;0;1;2020-07-04 21:59:52.888488;21:59:53.168840;0;0.1;20;2;500;50
0.115322;D516;9;1;0;1;2020-07-04 21:59:53.053518;21:59:53.168840;0;0.1;20;2;500;50
0.109977;D517;9;1;0;1;2020-07-04 21:59:53.058863;21:59:53.168840;0;0.1;20;2;500;50
0.08881;D487;8;1;0;0;2020-07-04 21:59:53.080030;21:59:53.168840;0;0.1;20;2;500;50
1.002456;D518;9;1;0;1;2020-07-04 21:59:53.103654;21:59:54.106110;0;0.1;20;2;500;50
0.890455;D488;8;1;0;0;2020-07-04 21:59:53.215655;21:59:54.106110;0;0.1;20;2;500;50
0.868402;D489;8;1;0;0;2020-07-04 21:59:53.237708;21:59:54.106110;0;0.1;20;2;500;50
0.854232;D490;8;1;0;0;2020-07-04 21:59:53.251878;21:59:54.106110;0;0.1;20;2;500;50
0.640695;D519;9;1;0;1;2020-07-04 21:59:53.465415;21:59:54.106110;0;0.1;20;2;500;50
0.624676;D520;9;1;0;1;2020-07-04 21:59:53.481434;21:59:54.106110;0;0.1;20;2;500;50
0.448538;D521;9;1;0;1;2020-07-04 21:59:53.657572;21:59:54.106110;0;0.1;20;2;500;50
0.444615;D491;8;1;0;0;2020-07-04 21:59:53.661495;21:59:54.106110;0;0.1;20;2;500;50
0.373137;D492;8;1;0;0;2020-07-04 21:59:53.732973;21:59:54.106110;0;0.1;20;2;500;50
0.244642;D493;8;1;0;0;2020-07-04 21:59:53.861468;21:59:54.106110;0;0.1;20;2;500;50
0.247746;D522;9;1;0;1;2020-07-04 21:59:53.858364;21:59:54.106110;0;0.1;20;2;500;50
0.213406;D494;8;1;0;0;2020-07-04 21:59:53.892704;21:59:54.106110;0;0.1;20;2;500;50
0.087111;D523;9;1;0;1;2020-07-04 21:59:54.018999;21:59:54.106110;0;0.1;20;2;500;50
0.904565;D524;9;1;0;1;2020-07-04 21:59:54.029476;21:59:54.934041;0;0.1;20;2;500;50
0.816109;D525;9;1;0;1;2020-07-04 21:59:54.117932;21:59:54.934041;0;0.1;20;2;500;50
0.626489;D526;9;1;0;1;2020-07-04 21:59:54.307552;21:59:54.934041;0;0.1;20;2;500;50
0.483146;D495;8;1;0;0;2020-07-04 21:59:54.450895;21:59:54.934041;0;0.1;20;2;500;50
0.456135;D527;9;1;0;1;2020-07-04 21:59:54.477906;21:59:54.934041;0;0.1;20;2;500;50
0.436905;D528;9;1;0;1;2020-07-04 21:59:54.497136;21:59:54.934041;0;0.1;20;2;500;50
0.362765;D529;9;1;0;1;2020-07-04 21:59:54.571276;21:59:54.934041;0;0.1;20;2;500;50
0.352737;D530;9;1;0;1;2020-07-04 21:59:54.581304;21:59:54.934041;0;0.1;20;2;500;50
0.22991;D531;9;1;0;1;2020-07-04 21:59:54.704131;21:59:54.934041;0;0.1;20;2;500;50
0.162434;D532;9;1;0;1;2020-07-04 21:59:54.771607;21:59:54.934041;0;0.1;20;2;500;50
0.127869;D533;9;1;0;1;2020-07-04 21:59:54.806172;21:59:54.934041;0;0.1;20;2;500;50
0.116941;D496;8;1;0;0;2020-07-04 21:59:54.817100;21:59:54.934041;0;0.1;20;2;500;50
0.888901;D534;9;1;0;1;2020-07-04 21:59:54.856634;21:59:55.745535;0;0.1;20;2;500;50
0.835317;D497;8;1;0;0;2020-07-04 21:59:54.910218;21:59:55.745535;0;0.1;20;2;500;50
0.821052;D535;9;1;0;1;2020-07-04 21:59:54.924483;21:59:55.745535;0;0.1;20;2;500;50
0.732752;D498;8;1;0;0;2020-07-04 21:59:55.012783;21:59:55.745535;0;0.1;20;2;500;50
0.707108;D536;9;1;0;1;2020-07-04 21:59:55.038427;21:59:55.745535;0;0.1;20;2;500;50
0.509316;D537;9;1;0;1;2020-07-04 21:59:55.236219;21:59:55.745535;0;0.1;20;2;500;50
0.480539;D538;9;1;0;1;2020-07-04 21:59:55.264996;21:59:55.745535;0;0.1;20;2;500;50
0.372195;D539;9;1;0;1;2020-07-04 21:59:55.373340;21:59:55.745535;0;0.1;20;2;500;50
0.158227;D540;9;1;0;1;2020-07-04 21:59:55.587308;21:59:55.745535;0;0.1;20;2;500;50
0.080711;D499;8;1;0;0;2020-07-04 21:59:55.664824;21:59:55.745535;0;0.1;20;2;500;50
0.63825;D541;9;1;0;1;2020-07-04 21:59:55.720617;21:59:56.358867;0;0.1;20;2;500;50
0.61957;D542;9;1;0;1;2020-07-04 21:59:55.739297;21:59:56.358867;0;0.1;20;2;500;50
0.531809;D500;8;1;0;0;2020-07-04 21:59:55.827058;21:59:56.358867;0;0.1;20;2;500;50
0.426542;D543;9;1;0;1;2020-07-04 21:59:55.932325;21:59:56.358867;0;0.1;20;2;500;50
0.375132;D544;9;1;0;1;2020-07-04 21:59:55.983735;21:59:56.358867;0;0.1;20;2;500;50
0.314983;D545;9;1;0;1;2020-07-04 21:59:56.043884;21:59:56.358867;0;0.1;20;2;500;50
0.294913;D546;9;1;0;1;2020-07-04 21:59:56.063954;21:59:56.358867;0;0.1;20;2;500;50
0.115289;D547;9;1;0;1;2020-07-04 21:59:56.243578;21:59:56.358867;0;0.1;20;2;500;50
0.811365;D548;9;1;0;1;2020-07-04 21:59:56.275434;21:59:57.086799;0;0.1;20;2;500;50
0.763556;D501;8;1;0;0;2020-07-04 21:59:56.323243;21:59:57.086799;0;0.1;20;2;500;50
0.702205;D502;8;1;0;0;2020-07-04 21:59:56.384594;21:59:57.086799;0;0.1;20;2;500;50
0.68979;D503;8;1;0;0;2020-07-04 21:59:56.397009;21:59:57.086799;0;0.1;20;2;500;50
0.626661;D504;8;1;0;0;2020-07-04 21:59:56.460138;21:59:57.086799;0;0.1;20;2;500;50
0.633208;D549;9;1;0;1;2020-07-04 21:59:56.453591;21:59:57.086799;0;0.1;20;2;500;50
0.381493;D505;8;1;0;0;2020-07-04 21:59:56.705306;21:59:57.086799;0;0.1;20;2;500;50
0.213809;D506;8;1;0;0;2020-07-04 21:59:56.872990;21:59:57.086799;0;0.1;20;2;500;50
0.152837;D550;9;1;0;1;2020-07-04 21:59:56.933962;21:59:57.086799;0;0.1;20;2;500;50
0.118848;D551;9;1;0;1;2020-07-04 21:59:56.967951;21:59:57.086799;0;0.1;20;2;500;50
0.091303;D507;8;1;0;0;2020-07-04 21:59:56.995496;21:59:57.086799;0;0.1;20;2;500;50
0.766629;D508;8;1;0;0;2020-07-04 21:59:57.023453;21:59:57.790082;0;0.1;20;2;500;50
0.779988;D552;9;1;0;1;2020-07-04 21:59:57.010094;21:59:57.790082;0;0.1;20;2;500;50
0.606886;D509;8;1;0;0;2020-07-04 21:59:57.183196;21:59:57.790082;0;0.1;20;2;500;50
0.571876;D553;9;1;0;1;2020-07-04 21:59:57.218206;21:59:57.790082;0;0.1;20;2;500;50
0.442857;D510;8;1;0;0;2020-07-04 21:59:57.347225;21:59:57.790082;0;0.1;20;2;500;50
0.408235;D554;9;1;0;1;2020-07-04 21:59:57.381847;21:59:57.790082;0;0.1;20;2;500;50
0.414427;D511;8;1;0;0;2020-07-04 21:59:57.375655;21:59:57.790082;0;0.1;20;2;500;50
0.350999;D512;8;1;0;0;2020-07-04 21:59:57.439083;21:59:57.790082;0;0.1;20;2;500;50
0.316378;D555;9;1;0;1;2020-07-04 21:59:57.473704;21:59:57.790082;0;0.1;20;2;500;50
0.237505;D513;8;1;0;0;2020-07-04 21:59:57.552577;21:59:57.790082;0;0.1;20;2;500;50
0.115436;D514;8;1;0;0;2020-07-04 21:59:57.674646;21:59:57.790082;0;0.1;20;2;500;50
0.103353;D556;9;1;0;1;2020-07-04 21:59:57.686729;21:59:57.790082;0;0.1;20;2;500;50
0.090886;D557;9;1;0;1;2020-07-04 21:59:57.699196;21:59:57.790082;0;0.1;20;2;500;50
0.715613;D515;8;1;0;0;2020-07-04 21:59:57.901981;21:59:58.617594;0;0.1;20;2;500;50
0.689921;D558;9;1;0;1;2020-07-04 21:59:57.927673;21:59:58.617594;0;0.1;20;2;500;50
0.628736;D559;9;1;0;1;2020-07-04 21:59:57.988858;21:59:58.617594;0;0.1;20;2;500;50
0.558813;D560;9;1;0;1;2020-07-04 21:59:58.058781;21:59:58.617594;0;0.1;20;2;500;50
0.53247;D561;9;1;0;1;2020-07-04 21:59:58.085124;21:59:58.617594;0;0.1;20;2;500;50
0.466756;D516;8;1;0;0;2020-07-04 21:59:58.150838;21:59:58.617594;0;0.1;20;2;500;50
0.420021;D562;9;1;0;1;2020-07-04 21:59:58.197573;21:59:58.617594;0;0.1;20;2;500;50
0.342238;D517;8;1;0;0;2020-07-04 21:59:58.275356;21:59:58.617594;0;0.1;20;2;500;50
0.311089;D518;8;1;0;0;2020-07-04 21:59:58.306505;21:59:58.617594;0;0.1;20;2;500;50
0.239227;D519;8;1;0;0;2020-07-04 21:59:58.378367;21:59:58.617594;0;0.1;20;2;500;50
0.180597;D520;8;1;0;0;2020-07-04 21:59:58.436997;21:59:58.617594;0;0.1;20;2;500;50
0.122004;D563;9;1;0;1;2020-07-04 21:59:58.495590;21:59:58.617594;0;0.1;20;2;500;50
0.12459;D521;8;1;0;0;2020-07-04 21:59:58.493004;21:59:58.617594;0;0.1;20;2;500;50
0.093165;D564;9;1;0;1;2020-07-04 21:59:58.524429;21:59:58.617594;0;0.1;20;2;500;50
0.731805;D565;9;1;0;1;2020-07-04 21:59:58.543849;21:59:59.275654;0;0.1;20;2;500;50
0.659767;D522;8;1;0;0;2020-07-04 21:59:58.615887;21:59:59.275654;0;0.1;20;2;500;50
0.613501;D566;9;1;0;1;2020-07-04 21:59:58.662153;21:59:59.275654;0;0.1;20;2;500;50
0.516273;D523;8;1;0;0;2020-07-04 21:59:58.759381;21:59:59.275654;0;0.1;20;2;500;50
0.489055;D524;8;1;0;0;2020-07-04 21:59:58.786599;21:59:59.275654;0;0.1;20;2;500;50
0.47481;D525;8;1;0;0;2020-07-04 21:59:58.800844;21:59:59.275654;0;0.1;20;2;500;50
0.32692;D526;8;1;0;0;2020-07-04 21:59:58.948734;21:59:59.275654;0;0.1;20;2;500;50
0.297397;D527;8;1;0;0;2020-07-04 21:59:58.978257;21:59:59.275654;0;0.1;20;2;500;50
0.280883;D567;9;1;0;1;2020-07-04 21:59:58.994771;21:59:59.275654;0;0.1;20;2;500;50
0.277318;D528;8;1;0;0;2020-07-04 21:59:58.998336;21:59:59.275654;0;0.1;20;2;500;50
0.15568;D568;9;1;0;1;2020-07-04 21:59:59.119974;21:59:59.275654;0;0.1;20;2;500;50
0.540089;D529;8;1;0;0;2020-07-04 21:59:59.282314;21:59:59.822403;0;0.1;20;2;500;50
0.490615;D530;8;1;0;0;2020-07-04 21:59:59.331788;21:59:59.822403;0;0.1;20;2;500;50
0.458827;D531;8;1;0;0;2020-07-04 21:59:59.363576;21:59:59.822403;0;0.1;20;2;500;50
0.443325;D532;8;1;0;0;2020-07-04 21:59:59.379078;21:59:59.822403;0;0.1;20;2;500;50
0.428774;D569;9;1;0;1;2020-07-04 21:59:59.393629;21:59:59.822403;0;0.1;20;2;500;50
0.352541;D533;8;1;0;0;2020-07-04 21:59:59.469862;21:59:59.822403;0;0.1;20;2;500;50
0.313304;D570;9;1;0;1;2020-07-04 21:59:59.509099;21:59:59.822403;0;0.1;20;2;500;50
0.28615;D571;9;1;0;1;2020-07-04 21:59:59.536253;21:59:59.822403;0;0.1;20;2;500;50
0.205179;D534;8;1;0;0;2020-07-04 21:59:59.617224;21:59:59.822403;0;0.1;20;2;500;50
0.201443;D572;9;1;0;1;2020-07-04 21:59:59.620960;21:59:59.822403;0;0.1;20;2;500;50
0.162294;D573;9;1;0;1;2020-07-04 21:59:59.660109;21:59:59.822403;0;0.1;20;2;500;50
0.13928;D574;9;1;0;1;2020-07-04 21:59:59.683123;21:59:59.822403;0;0.1;20;2;500;50
0.107929;D575;9;1;0;1;2020-07-04 21:59:59.714474;21:59:59.822403;0;0.1;20;2;500;50
0.844949;D576;9;1;0;1;2020-07-04 21:59:59.772190;22:00:00.617139;0;0.1;20;2;500;50
0.707445;D535;8;1;0;0;2020-07-04 21:59:59.909694;22:00:00.617139;0;0.1;20;2;500;50
0.603358;D577;9;1;0;1;2020-07-04 22:00:00.013781;22:00:00.617139;0;0.1;20;2;500;50
0.236043;D536;8;1;0;0;2020-07-04 22:00:00.381096;22:00:00.617139;0;0.1;20;2;500;50
0.241781;D578;9;1;0;1;2020-07-04 22:00:00.375358;22:00:00.617139;0;0.1;20;2;500;50
0.216059;D537;8;1;0;0;2020-07-04 22:00:00.401080;22:00:00.617139;0;0.1;20;2;500;50
0.178816;D579;9;1;0;1;2020-07-04 22:00:00.438323;22:00:00.617139;0;0.1;20;2;500;50
0.086557;D538;8;1;0;0;2020-07-04 22:00:00.530582;22:00:00.617139;0;0.1;20;2;500;50
0.891134;D580;9;1;0;1;2020-07-04 22:00:00.527790;22:00:01.418924;0;0.1;20;2;500;50
0.761459;D581;9;1;0;1;2020-07-04 22:00:00.654027;22:00:01.415486;0;0.1;20;2;500;50
0.514471;D539;8;1;0;0;2020-07-04 22:00:00.904453;22:00:01.418924;0;0.1;20;2;500;50
0.488966;D540;8;1;0;0;2020-07-04 22:00:00.927674;22:00:01.416640;0;0.1;20;2;500;50
0.437131;D541;8;1;0;0;2020-07-04 22:00:00.980652;22:00:01.417783;0;0.1;20;2;500;50
0.378399;D582;9;1;0;1;2020-07-04 22:00:01.040452;22:00:01.418851;0;0.1;20;2;500;50
0.291385;D583;9;1;0;1;2020-07-04 22:00:01.126398;22:00:01.417783;0;0.1;20;2;500;50
0.223497;D542;8;1;0;0;2020-07-04 22:00:01.191989;22:00:01.415486;0;0.1;20;2;500;50
0.796501;D543;8;1;0;0;2020-07-04 22:00:01.342191;22:00:02.138692;0;0.1;20;2;500;50
0.724674;D544;8;1;0;0;2020-07-04 22:00:01.414018;22:00:02.138692;0;0.1;20;2;500;50
0.533926;D584;9;1;0;1;2020-07-04 22:00:01.604766;22:00:02.138692;0;0.1;20;2;500;50
0.51249;D585;9;1;0;1;2020-07-04 22:00:01.626202;22:00:02.138692;0;0.1;20;2;500;50
0.396252;D586;9;1;0;1;2020-07-04 22:00:01.742440;22:00:02.138692;0;0.1;20;2;500;50
0.36205;D545;8;1;0;0;2020-07-04 22:00:01.776642;22:00:02.138692;0;0.1;20;2;500;50
0.355096;D546;8;1;0;0;2020-07-04 22:00:01.783596;22:00:02.138692;0;0.1;20;2;500;50
0.321077;D547;8;1;0;0;2020-07-04 22:00:01.817615;22:00:02.138692;0;0.1;20;2;500;50
0.304492;D587;9;1;0;1;2020-07-04 22:00:01.834200;22:00:02.138692;0;0.1;20;2;500;50
0.25166;D588;9;1;0;1;2020-07-04 22:00:01.887032;22:00:02.138692;0;0.1;20;2;500;50
0.204115;D548;8;1;0;0;2020-07-04 22:00:01.934577;22:00:02.138692;0;0.1;20;2;500;50
0.152865;D549;8;1;0;0;2020-07-04 22:00:01.985827;22:00:02.138692;0;0.1;20;2;500;50
0.088601;D589;9;1;0;1;2020-07-04 22:00:02.050091;22:00:02.138692;0;0.1;20;2;500;50
1.378708;D590;9;1;0;1;2020-07-04 22:00:02.162980;22:00:03.541688;0;0.1;20;2;500;50
1.218597;D550;8;1;0;0;2020-07-04 22:00:02.323091;22:00:03.541688;0;0.1;20;2;500;50
1.123609;D551;8;1;0;0;2020-07-04 22:00:02.418079;22:00:03.541688;0;0.1;20;2;500;50
0.985025;D552;8;1;0;0;2020-07-04 22:00:02.556663;22:00:03.541688;0;0.1;20;2;500;50
0.928098;D553;8;1;0;0;2020-07-04 22:00:02.613590;22:00:03.541688;0;0.1;20;2;500;50
0.897825;D554;8;1;0;0;2020-07-04 22:00:02.643863;22:00:03.541688;0;0.1;20;2;500;50
0.883891;D555;8;1;0;0;2020-07-04 22:00:02.657797;22:00:03.541688;0;0.1;20;2;500;50
0.655735;D556;8;1;0;0;2020-07-04 22:00:02.885953;22:00:03.541688;0;0.1;20;2;500;50
0.635425;D557;8;1;0;0;2020-07-04 22:00:02.906263;22:00:03.541688;0;0.1;20;2;500;50
0.558306;D558;8;1;0;0;2020-07-04 22:00:02.983382;22:00:03.541688;0;0.1;20;2;500;50
0.339366;D559;8;1;0;0;2020-07-04 22:00:03.202322;22:00:03.541688;0;0.1;20;2;500;50
0.123344;D560;8;1;0;0;2020-07-04 22:00:03.418344;22:00:03.541688;0;0.1;20;2;500;50
1.024564;D561;8;1;0;0;2020-07-04 22:00:03.618866;22:00:04.643430;0;0.1;20;2;500;50
0.95778;D562;8;1;0;0;2020-07-04 22:00:03.685650;22:00:04.643430;0;0.1;20;2;500;50
0.81617;D563;8;1;0;0;2020-07-04 22:00:03.827260;22:00:04.643430;0;0.1;20;2;500;50
0.794169;D564;8;1;0;0;2020-07-04 22:00:03.849261;22:00:04.643430;0;0.1;20;2;500;50
0.761694;D565;8;1;0;0;2020-07-04 22:00:03.881736;22:00:04.643430;0;0.1;20;2;500;50
0.714333;D566;8;1;0;0;2020-07-04 22:00:03.929097;22:00:04.643430;0;0.1;20;2;500;50
0.673779;D567;8;1;0;0;2020-07-04 22:00:03.969651;22:00:04.643430;0;0.1;20;2;500;50
0.587806;D568;8;1;0;0;2020-07-04 22:00:04.055624;22:00:04.643430;0;0.1;20;2;500;50
0.241563;D569;8;1;0;0;2020-07-04 22:00:04.401867;22:00:04.643430;0;0.1;20;2;500;50
1.666097;D570;8;1;0;0;2020-07-04 22:00:04.567823;22:00:06.233920;0;0.1;20;2;500;50
1.509675;D571;8;1;0;0;2020-07-04 22:00:04.724245;22:00:06.233920;0;0.1;20;2;500;50
1.453257;D572;8;1;0;0;2020-07-04 22:00:04.780663;22:00:06.233920;0;0.1;20;2;500;50
1.44436;D573;8;1;0;0;2020-07-04 22:00:04.789560;22:00:06.233920;0;0.1;20;2;500;50
1.188092;D574;8;1;0;0;2020-07-04 22:00:05.045828;22:00:06.233920;0;0.1;20;2;500;50
1.098049;D575;8;1;0;0;2020-07-04 22:00:05.135871;22:00:06.233920;0;0.1;20;2;500;50
0.983383;D576;8;1;0;0;2020-07-04 22:00:05.250537;22:00:06.233920;0;0.1;20;2;500;50
0.896567;D577;8;1;0;0;2020-07-04 22:00:05.337353;22:00:06.233920;0;0.1;20;2;500;50
0.877009;D578;8;1;0;0;2020-07-04 22:00:05.356911;22:00:06.233920;0;0.1;20;2;500;50
0.561032;D579;8;1;0;0;2020-07-04 22:00:05.672888;22:00:06.233920;0;0.1;20;2;500;50
0.393515;D580;8;1;0;0;2020-07-04 22:00:05.840405;22:00:06.233920;0;0.1;20;2;500;50
0.344868;D581;8;1;0;0;2020-07-04 22:00:05.889052;22:00:06.233920;0;0.1;20;2;500;50
0.29159;D582;8;1;0;0;2020-07-04 22:00:05.942330;22:00:06.233920;0;0.1;20;2;500;50
0.085553;D583;8;1;0;0;2020-07-04 22:00:06.148367;22:00:06.233920;0;0.1;20;2;500;50
0.978381;D584;8;1;0;0;2020-07-04 22:00:06.202172;22:00:07.180553;0;0.1;20;2;500;50
0.956412;D585;8;1;0;0;2020-07-04 22:00:06.224141;22:00:07.180553;0;0.1;20;2;500;50
0.93972;D586;8;1;0;0;2020-07-04 22:00:06.240833;22:00:07.180553;0;0.1;20;2;500;50
0.904264;D587;8;1;0;0;2020-07-04 22:00:06.276289;22:00:07.180553;0;0.1;20;2;500;50
0.879611;D588;8;1;0;0;2020-07-04 22:00:06.300942;22:00:07.180553;0;0.1;20;2;500;50
0.827163;D589;8;1;0;0;2020-07-04 22:00:06.353390;22:00:07.180553;0;0.1;20;2;500;50
0.761035;D590;8;1;0;0;2020-07-04 22:00:06.419518;22:00:07.180553;0;0.1;20;2;500;50
0.683132;D591;8;1;0;0;2020-07-04 22:00:06.497421;22:00:07.180553;0;0.1;20;2;500;50
0.611434;D592;8;1;0;0;2020-07-04 22:00:06.569119;22:00:07.180553;0;0.1;20;2;500;50
0.392355;D593;8;1;0;0;2020-07-04 22:00:06.788198;22:00:07.180553;0;0.1;20;2;500;50
0.350038;D594;8;1;0;0;2020-07-04 22:00:06.830515;22:00:07.180553;0;0.1;20;2;500;50
0.111112;D595;8;1;0;0;2020-07-04 22:00:07.069441;22:00:07.180553;0;0.1;20;2;500;50
1.355099;D596;8;1;0;0;2020-07-04 22:00:07.137580;22:00:08.492679;0;0.1;20;2;500;50
1.259813;D597;8;1;0;0;2020-07-04 22:00:07.232866;22:00:08.492679;0;0.1;20;2;500;50
1.215181;D598;8;1;0;0;2020-07-04 22:00:07.277498;22:00:08.492679;0;0.1;20;2;500;50
1.114731;D599;8;1;0;0;2020-07-04 22:00:07.377948;22:00:08.492679;0;0.1;20;2;500;50
0.921839;D600;8;1;0;0;2020-07-04 22:00:07.570840;22:00:08.492679;0;0.1;20;2;500;50
0.590723;D601;8;1;0;0;2020-07-04 22:00:07.901956;22:00:08.492679;0;0.1;20;2;500;50
0.397015;D602;8;1;0;0;2020-07-04 22:00:08.095664;22:00:08.492679;0;0.1;20;2;500;50
0.375117;D603;8;1;0;0;2020-07-04 22:00:08.117562;22:00:08.492679;0;0.1;20;2;500;50
0.087141;D604;8;1;0;0;2020-07-04 22:00:08.405538;22:00:08.492679;0;0.1;20;2;500;50
1.220468;D605;8;1;0;0;2020-07-04 22:00:08.616281;22:00:09.836749;0;0.1;20;2;500;50
1.128625;D606;8;1;0;0;2020-07-04 22:00:08.708124;22:00:09.836749;0;0.1;20;2;500;50
0.959193;D607;8;1;0;0;2020-07-04 22:00:08.877556;22:00:09.836749;0;0.1;20;2;500;50
0.803183;D608;8;1;0;0;2020-07-04 22:00:09.033566;22:00:09.836749;0;0.1;20;2;500;50
0.78833;D609;8;1;0;0;2020-07-04 22:00:09.048419;22:00:09.836749;0;0.1;20;2;500;50
0.780734;D610;8;1;0;0;2020-07-04 22:00:09.056015;22:00:09.836749;0;0.1;20;2;500;50
0.53272;D611;8;1;0;0;2020-07-04 22:00:09.304029;22:00:09.836749;0;0.1;20;2;500;50
0.508909;D612;8;1;0;0;2020-07-04 22:00:09.327840;22:00:09.836749;0;0.1;20;2;500;50
0.459131;D613;8;1;0;0;2020-07-04 22:00:09.377618;22:00:09.836749;0;0.1;20;2;500;50
0.202818;D614;8;1;0;0;2020-07-04 22:00:09.633931;22:00:09.836749;0;0.1;20;2;500;50
0.086391;D615;8;1;0;0;2020-07-04 22:00:09.750358;22:00:09.836749;0;0.1;20;2;500;50
1.591353;D616;8;1;0;0;2020-07-04 22:00:09.853992;22:00:11.445345;0;0.1;20;2;500;50
1.517685;D617;8;1;0;0;2020-07-04 22:00:09.924576;22:00:11.442261;0;0.1;20;2;500;50
1.29193;D618;8;1;0;0;2020-07-04 22:00:10.151229;22:00:11.443159;0;0.1;20;2;500;50
1.247352;D619;8;1;0;0;2020-07-04 22:00:10.196823;22:00:11.444175;0;0.1;20;2;500;50
1.194523;D620;8;1;0;0;2020-07-04 22:00:10.249740;22:00:11.444263;0;0.1;20;2;500;50
0.994385;D621;8;1;0;0;2020-07-04 22:00:10.449878;22:00:11.444263;0;0.1;20;2;500;50
0.981237;D622;8;1;0;0;2020-07-04 22:00:10.461922;22:00:11.443159;0;0.1;20;2;500;50
0.929008;D623;8;1;0;0;2020-07-04 22:00:10.514151;22:00:11.443159;0;0.1;20;2;500;50
0.885064;D624;8;1;0;0;2020-07-04 22:00:10.559199;22:00:11.444263;0;0.1;20;2;500;50
0.802745;D625;8;1;0;0;2020-07-04 22:00:10.641518;22:00:11.444263;0;0.1;20;2;500;50
0.718316;D626;8;1;0;0;2020-07-04 22:00:10.724843;22:00:11.443159;0;0.1;20;2;500;50
0.345398;D627;8;1;0;0;2020-07-04 22:00:11.098865;22:00:11.444263;0;0.1;20;2;500;50
0.091783;D628;8;1;0;0;2020-07-04 22:00:11.353562;22:00:11.445345;0;0.1;20;2;500;50
